,0
0,0
1,0
2,1
3,0
4,0
5,0
6,0
7,1
8,0
9,0
10,0
11,0
12,0
13,0
14,0
15,0
16,0
17,0
18,0
19,0
20,0
21,0
22,0
23,0
24,1
25,0
26,0
27,0
28,0
29,1
30,0
31,0
32,0
33,1
34,0
35,0
36,0
37,0
38,0
39,0
40,1
41,0
42,0
43,0
44,0
45,0
46,0
47,0
48,0
49,0
50,0
51,0
52,0
53,0
54,0
55,0
56,0
57,0
58,0
59,0
60,0
61,0
62,0
63,0
64,0
65,0
66,0
67,0
68,0
69,0
70,0
71,0
72,0
73,0
74,0
75,0
76,0
77,0
78,0
79,0
80,0
81,0
82,0
83,0
84,0
85,0
86,0
87,0
88,0
89,0
90,0
91,0
92,0
93,0
94,0
95,0
96,0
97,0
98,0
99,0
100,0
101,0
102,0
103,0
104,0
105,0
106,0
107,0
108,0
109,0
110,0
111,0
112,0
113,0
114,0
115,0
116,0
117,1
118,0
119,0
120,0
121,0
122,0
123,1
124,0
125,0
126,1
127,1
128,1
129,0
130,0
131,0
132,0
133,0
134,0
135,0
136,0
137,0
138,0
139,0
140,0
141,0
142,0
143,0
144,0
145,0
146,0
147,0
148,0
149,0
150,0
151,0
152,0
153,0
154,0
155,0
156,0
157,0
158,0
159,0
160,0
161,0
162,0
163,0
164,0
165,0
166,0
167,0
168,0
169,1
170,0
171,1
172,0
173,0
174,0
175,0
176,0
177,0
178,1
179,1
180,0
181,0
182,0
183,0
184,0
185,0
186,0
187,0
188,0
189,1
190,0
191,0
192,0
193,0
194,0
195,0
196,0
197,0
198,0
199,0
200,0
201,0
202,0
203,0
204,1
205,0
206,0
207,0
208,0
209,0
210,0
211,0
212,0
213,0
214,0
215,0
216,0
217,0
218,0
219,1
220,0
221,0
222,0
223,0
224,0
225,0
226,0
227,0
228,0
229,0
230,0
231,0
232,0
233,0
234,0
235,0
236,0
237,0
238,1
239,0
240,1
241,1
242,0
243,1
244,1
245,0
246,0
247,0
248,0
249,0
250,0
251,1
252,0
253,0
254,0
255,0
256,0
257,0
258,0
259,1
260,0
261,0
262,0
263,0
264,0
265,0
266,0
267,0
268,0
269,0
270,0
271,0
272,0
273,0
274,0
275,0
276,0
277,0
278,0
279,0
280,0
281,0
282,0
283,0
284,0
285,0
286,0
287,0
288,0
289,0
290,0
291,0
292,0
293,0
294,0
295,0
296,0
297,0
298,0
299,0
300,0
301,0
302,0
303,0
304,0
305,0
306,0
307,0
308,0
309,0
310,0
311,0
312,0
313,0
314,0
315,0
316,0
317,0
318,0
319,0
320,1
321,0
322,0
323,0
324,0
325,0
326,0
327,0
328,0
329,0
330,0
331,0
332,0
333,0
334,0
335,1
336,0
337,0
338,0
339,0
340,0
341,1
342,0
343,0
344,0
345,0
346,0
347,0
348,0
349,0
350,0
351,0
352,0
353,0
354,0
355,0
356,0
357,0
358,0
359,0
360,0
361,1
362,0
363,0
364,0
365,0
366,0
367,0
368,0
369,0
370,0
371,0
372,0
373,0
374,0
375,0
376,0
377,0
378,0
379,0
380,0
381,0
382,0
383,0
384,0
385,0
386,0
387,1
388,0
389,0
390,0
391,0
392,0
393,0
394,0
395,0
396,0
397,0
398,0
399,0
400,0
401,0
402,0
403,0
404,0
405,0
406,0
407,0
408,0
409,0
410,0
411,0
412,0
413,0
414,0
415,1
416,0
417,0
418,0
419,0
420,0
421,0
422,0
423,0
424,0
425,1
426,0
427,1
428,0
429,0
430,0
431,0
432,0
433,0
434,0
435,0
436,0
437,0
438,0
439,0
440,0
441,0
442,0
443,0
444,0
445,0
446,0
447,0
448,0
449,0
450,1
451,0
452,0
453,0
454,0
455,0
456,0
457,0
458,0
459,0
460,1
461,0
462,0
463,0
464,0
465,0
466,0
467,0
468,0
469,0
470,0
471,0
472,0
473,0
474,0
475,0
476,0
477,0
478,0
479,0
480,0
481,0
482,0
483,0
484,0
485,0
486,1
487,0
488,0
489,0
490,0
491,0
492,1
493,0
494,0
495,0
496,0
497,0
498,1
499,0
500,0
501,0
502,0
503,0
504,0
505,0
506,0
507,0
508,0
509,1
510,0
511,0
512,0
513,0
514,0
515,0
516,0
517,0
518,0
519,1
520,0
521,0
522,0
523,0
524,0
525,1
526,0
527,0
528,0
529,0
530,1
531,0
532,0
533,0
534,0
535,0
536,1
537,1
538,0
539,0
540,0
541,0
542,0
543,1
544,0
545,1
546,0
547,1
548,0
549,1
550,0
551,0
552,1
553,0
554,0
555,0
556,1
557,1
558,1
559,0
560,0
561,1
562,0
563,1
564,0
565,1
566,0
567,0
568,1
569,0
570,1
571,0
572,1
573,0
574,1
575,0
576,1
577,0
578,1
579,0
580,0
581,1
582,1
583,0
584,1
585,0
586,1
587,1
588,1
589,0
590,0
591,1
592,0
593,0
594,0
595,0
596,0
597,0
598,1
599,0
600,0
601,1
602,0
603,0
604,1
605,0
606,0
607,0
608,1
609,0
610,0
611,1
612,0
613,1
614,0
615,1
616,1
617,0
618,1
619,0
620,1
621,1
622,1
623,1
624,1
625,1
626,0
627,1
628,0
629,1
630,1
631,1
632,0
633,1
634,0
635,0
636,1
637,0
638,0
639,1
640,0
641,1
642,1
643,1
644,1
645,0
646,0
647,1
648,1
649,0
650,0
651,0
652,0
653,0
654,0
655,0
656,0
657,1
658,1
659,0
660,1
661,0
662,0
663,0
664,1
665,1
666,0
667,1
668,0
669,0
670,0
671,0
672,1
673,1
674,0
675,0
676,0
677,0
678,0
679,0
680,1
681,0
682,1
683,1
684,0
685,1
686,0
687,1
688,1
689,1
690,0
691,1
692,0
693,1
694,0
695,1
696,1
697,0
698,0
699,1
700,1
701,1
702,0
703,1
704,1
705,1
706,1
707,1
708,1
709,1
710,1
711,1
712,1
713,0
714,0
715,1
716,1
717,0
718,1
719,0
720,1
721,0
722,1
723,1
724,0
725,1
726,1
727,1
728,1
729,0
730,1
731,1
732,0
733,1
734,1
735,1
736,0
737,0
738,0
739,0
740,1
741,0
742,1
743,0
744,0
745,1
746,0
747,1
748,1
749,1
750,1
751,1
752,0
753,1
754,1
755,1
756,0
757,0
758,0
759,1
760,0
761,0
762,1
763,1
764,1
765,0
766,1
767,1
768,0
769,0
770,0
771,0
772,1
773,0
774,0
775,0
776,0
777,1
778,0
779,0
780,1
781,0
782,0
783,0
784,1
785,0
786,0
787,0
788,0
789,0
790,0
791,1
792,1
793,0
794,0
795,0
796,0
797,0
798,1
799,0
800,1
801,1
802,1
803,1
804,0
805,0
806,1
807,0
808,0
809,0
810,0
811,1
812,0
813,1
814,1
815,0
816,1
817,1
818,0
819,1
820,0
821,1
822,1
823,1
824,0
825,1
826,0
827,0
828,0
829,1
830,1
831,1
832,1
833,0
834,0
835,0
836,0
837,0
838,0
839,0
840,0
841,0
842,1
843,1
844,0
845,0
846,1
847,1
848,0
849,1
850,1
851,1
852,1
853,1
854,0
855,1
856,0
857,1
858,0
859,0
860,0
861,0
862,0
863,1
864,1
865,0
866,0
867,0
868,0
869,1
870,0
871,0
872,0
873,1
874,0
875,1
876,0
877,1
878,0
879,1
880,0
881,0
882,1
883,0
884,1
885,1
886,1
887,0
888,0
889,1
890,0
891,0
892,0
893,0
894,0
895,0
896,0
897,0
898,0
899,0
900,0
901,0
902,0
903,0
904,0
905,0
906,1
907,0
908,1
909,0
910,1
911,1
912,1
913,1
914,1
915,0
916,1
917,1
918,0
919,1
920,1
921,0
922,1
923,1
924,0
925,0
926,0
927,0
928,1
929,1
930,0
931,1
932,0
933,0
934,0
935,0
936,1
937,1
938,0
939,0
940,1
941,0
942,0
943,1
944,0
945,1
946,0
947,0
948,0
949,0
950,0
951,0
952,1
953,0
954,0
955,0
956,0
957,1
958,1
959,0
960,1
961,0
962,1
963,1
964,0
965,1
966,1
967,1
968,1
969,0
970,1
971,1
972,1
973,1
974,1
975,0
976,1
977,0
978,1
979,1
980,1
981,1
982,0
983,0
984,0
985,1
986,0
987,0
988,0
989,0
990,1
991,0
992,0
993,1
994,0
995,0
996,1
997,1
998,0
999,0
1000,1
1001,0
1002,0
1003,0
1004,0
1005,0
1006,1
1007,1
1008,1
1009,0
1010,1
1011,0
1012,0
1013,1
1014,1
1015,1
1016,0
1017,1
1018,0
1019,1
1020,0
1021,0
1022,0
1023,1
1024,0
1025,1
1026,0
1027,1
1028,0
1029,0
1030,1
1031,0
1032,0
1033,1
1034,0
1035,0
1036,1
1037,1
1038,0
1039,0
1040,1
1041,1
1042,1
1043,0
1044,1
1045,1
1046,0
1047,1
1048,1
1049,0
1050,1
1051,0
1052,0
1053,0
1054,0
1055,1
1056,1
1057,1
1058,1
1059,0
1060,1
1061,0
1062,0
1063,1
1064,1
1065,1
1066,1
1067,1
1068,0
1069,0
1070,0
1071,1
1072,0
1073,0
1074,1
1075,0
1076,1
1077,1
1078,0
1079,1
1080,0
1081,1
1082,1
1083,0
1084,0
1085,1
1086,0
1087,0
1088,0
1089,0
1090,0
1091,1
1092,1
1093,1
1094,0
1095,1
1096,1
1097,0
1098,0
1099,1
1100,1
1101,1
1102,0
1103,1
1104,1
1105,1
1106,0
1107,1
1108,1
1109,0
1110,0
1111,0
1112,0
1113,1
1114,1
1115,1
1116,1
1117,0
1118,1
1119,0
1120,0
1121,0
1122,0
1123,1
1124,1
1125,1
1126,0
1127,1
1128,0
1129,1
1130,0
1131,0
1132,1
1133,0
1134,0
1135,0
1136,0
1137,0
1138,1
1139,0
1140,1
1141,0
1142,0
1143,1
1144,0
1145,1
1146,0
1147,0
1148,0
1149,0
1150,1
1151,1
1152,1
1153,1
1154,0
1155,0
1156,0
1157,1
1158,1
1159,0
1160,0
1161,1
1162,0
1163,0
1164,0
1165,0
1166,1
1167,1
1168,1
1169,0
1170,0
1171,0
1172,1
1173,0
1174,1
1175,1
1176,1
1177,0
1178,0
1179,1
1180,1
1181,1
1182,1
1183,0
1184,0
1185,1
1186,1
1187,1
1188,0
1189,0
1190,0
1191,0
1192,0
1193,0
1194,0
1195,0
1196,0
1197,0
1198,1
1199,0
1200,1
1201,0
1202,1
1203,0
1204,0
1205,1
1206,1
1207,0
1208,0
1209,0
1210,0
1211,0
1212,1
1213,1
1214,0
1215,1
1216,1
1217,1
1218,1
1219,0
1220,0
1221,1
1222,1
1223,1
1224,1
1225,1
1226,1
1227,0
1228,1
1229,1
1230,1
1231,1
1232,0
1233,0
1234,1
1235,0
1236,1
1237,1
1238,0
1239,0
1240,1
1241,1
1242,0
1243,1
1244,0
1245,1
1246,0
1247,0
1248,1
1249,0
1250,1
1251,1
1252,0
1253,1
1254,0
1255,1
1256,1
1257,0
1258,0
1259,0
1260,1
1261,1
1262,0
1263,0
1264,1
1265,1
1266,0
1267,1
1268,0
1269,1
1270,1
1271,0
1272,1
1273,1
1274,1
1275,1
1276,1
1277,1
1278,1
1279,0
1280,0
1281,1
1282,1
1283,0
1284,0
1285,1
1286,0
1287,0
1288,0
1289,1
1290,1
1291,0
1292,0
1293,1
1294,0
1295,0
1296,1
1297,1
1298,1
1299,0
1300,1
1301,0
1302,0
1303,1
1304,0
1305,0
1306,0
1307,0
1308,1
1309,0
1310,1
1311,1
1312,0
1313,1
1314,1
1315,0
1316,0
1317,1
1318,0
1319,0
1320,0
1321,0
1322,1
1323,0
1324,1
1325,1
1326,1
1327,0
1328,1
1329,1
1330,0
1331,0
1332,1
1333,0
1334,0
1335,1
1336,0
1337,0
1338,1
1339,1
1340,1
1341,0
1342,1
1343,1
1344,0
1345,1
1346,0
1347,0
1348,0
1349,0
1350,0
1351,0
1352,1
1353,0
1354,0
1355,1
1356,0
1357,1
1358,0
1359,1
1360,0
1361,0
1362,1
1363,1
1364,1
1365,1
1366,0
1367,1
1368,1
1369,1
1370,0
1371,1
1372,1
1373,0
1374,0
1375,0
1376,1
1377,0
1378,1
1379,1
1380,1
1381,1
1382,1
1383,1
1384,0
1385,1
1386,0
1387,1
1388,1
1389,1
1390,0
1391,1
1392,0
1393,1
1394,0
1395,0
1396,1
1397,0
1398,0
1399,0
1400,0
1401,1
1402,1
1403,0
1404,1
1405,0
1406,1
1407,1
1408,0
1409,0
1410,1
1411,1
1412,1
1413,0
1414,0
1415,0
1416,1
1417,0
1418,0
1419,0
1420,1
1421,1
1422,1
1423,0
1424,1
1425,0
1426,0
1427,0
1428,0
1429,1
1430,1
1431,1
1432,0
1433,0
1434,0
1435,0
1436,1
1437,0
1438,0
1439,0
1440,0
1441,0
1442,0
1443,0
1444,1
1445,1
1446,1
1447,0
1448,0
1449,1
1450,0
1451,1
1452,1
1453,0
1454,0
1455,0
1456,1
1457,1
1458,1
1459,1
1460,1
1461,0
1462,0
1463,0
1464,0
1465,0
1466,0
1467,1
1468,0
1469,0
1470,0
1471,1
1472,1
1473,1
1474,0
1475,1
1476,1
1477,1
1478,1
1479,0
1480,0
1481,1
1482,1
1483,0
1484,1
1485,1
1486,1
1487,0
1488,1
1489,1
1490,1
1491,0
1492,0
1493,0
1494,1
1495,1
1496,1
1497,0
1498,0
1499,1
1500,0
1501,1
1502,1
1503,0
1504,0
1505,0
1506,1
1507,0
1508,1
1509,0
1510,0
1511,1
1512,1
1513,1
1514,0
1515,1
1516,0
1517,1
1518,0
1519,0
1520,0
1521,1
1522,1
1523,1
1524,0
1525,0
1526,0
1527,1
1528,0
1529,0
1530,0
1531,1
1532,0
1533,1
1534,1
1535,1
1536,0
1537,1
1538,0
1539,0
1540,1
1541,0
1542,1
1543,0
1544,1
1545,0
1546,1
1547,0
1548,0
1549,0
1550,1
1551,0
1552,0
1553,1
1554,0
1555,1
1556,0
1557,1
1558,1
1559,1
1560,0
1561,1
1562,1
1563,0
1564,0
1565,0
1566,0
1567,1
1568,0
1569,1
1570,1
1571,0
1572,1
1573,0
1574,0
1575,1
1576,0
1577,0
1578,0
1579,0
1580,0
1581,1
1582,0
1583,0
1584,0
1585,0
1586,1
1587,1
1588,1
1589,1
1590,0
1591,0
1592,0
1593,0
1594,0
1595,1
1596,1
1597,1
1598,0
1599,1
1600,0
1601,0
1602,1
1603,0
1604,1
1605,1
1606,1
1607,0
1608,1
1609,0
1610,0
1611,0
1612,1
1613,1
1614,0
1615,1
1616,0
1617,1
1618,1
1619,1
1620,0
1621,1
1622,1
1623,0
1624,1
1625,0
1626,1
1627,0
1628,0
1629,0
1630,0
1631,0
1632,0
1633,0
1634,0
1635,1
1636,1
1637,1
1638,0
1639,0
1640,1
1641,1
1642,0
1643,0
1644,0
1645,0
1646,0
1647,1
1648,0
1649,1
1650,0
1651,0
1652,1
1653,0
1654,0
1655,1
1656,1
1657,1
1658,0
1659,1
1660,0
1661,0
1662,0
1663,0
1664,0
1665,0
1666,1
1667,1
1668,0
1669,1
1670,1
1671,0
1672,0
1673,1
1674,0
1675,1
1676,0
1677,0
1678,1
1679,1
1680,1
1681,1
1682,1
1683,0
1684,0
1685,0
1686,1
1687,0
1688,1
1689,0
1690,1
1691,1
1692,0
1693,0
1694,1
1695,0
1696,0
1697,1
1698,1
1699,0
1700,1
1701,0
1702,1
1703,0
1704,1
1705,1
1706,0
1707,0
1708,1
1709,1
1710,1
1711,0
1712,0
1713,1
1714,0
1715,1
1716,0
1717,1
1718,1
1719,0
1720,0
1721,0
1722,1
1723,1
1724,1
1725,1
1726,0
1727,1
1728,1
1729,1
1730,0
1731,0
1732,1
1733,1
1734,1
1735,1
1736,0
1737,1
1738,0
1739,1
1740,1
1741,1
1742,0
1743,0
1744,0
1745,1
1746,0
1747,1
1748,1
1749,0
1750,1
1751,0
1752,1
1753,0
1754,0
1755,0
1756,0
1757,0
1758,1
1759,0
1760,0
1761,0
1762,0
1763,0
1764,0
1765,0
1766,1
1767,0
1768,1
1769,0
1770,0
1771,1
1772,1
1773,0
1774,0
1775,0
1776,1
1777,0
1778,0
1779,1
1780,0
1781,0
1782,0
1783,1
1784,0
1785,1
1786,0
1787,1
1788,0
1789,0
1790,1
1791,0
1792,1
1793,1
1794,1
1795,1
1796,1
1797,1
1798,1
1799,0
1800,1
1801,0
1802,0
1803,0
1804,1
1805,0
1806,0
1807,1
1808,0
1809,1
1810,0
1811,1
1812,0
1813,0
1814,0
1815,1
1816,0
1817,0
1818,1
1819,1
1820,1
1821,1
1822,1
1823,0
1824,1
1825,1
1826,0
1827,0
1828,0
1829,1
1830,1
1831,1
1832,0
1833,0
1834,1
1835,1
1836,1
1837,1
1838,0
1839,0
1840,1
1841,1
1842,0
1843,0
1844,0
1845,0
1846,1
1847,0
1848,1
1849,0
1850,1
1851,1
1852,0
1853,0
1854,0
1855,0
1856,0
1857,1
1858,1
1859,1
1860,1
1861,1
1862,0
1863,0
1864,0
1865,1
1866,0
1867,0
1868,0
1869,1
1870,0
1871,1
1872,1
1873,0
1874,0
1875,1
1876,1
1877,1
1878,1
1879,0
1880,1
1881,0
1882,1
1883,0
1884,0
1885,1
1886,1
1887,0
1888,1
1889,1
1890,0
1891,1
1892,0
1893,0
1894,1
1895,1
1896,1
1897,0
1898,1
1899,1
1900,0
1901,1
1902,0
1903,0
1904,0
1905,1
1906,1
1907,0
1908,1
1909,1
1910,1
1911,1
1912,1
1913,0
1914,1
1915,0
1916,0
1917,0
1918,1
1919,0
1920,0
1921,1
1922,0
1923,0
1924,0
1925,0
1926,1
1927,0
1928,1
1929,1
1930,0
1931,1
1932,0
1933,0
1934,1
1935,0
1936,0
1937,1
1938,0
1939,0
1940,0
1941,0
1942,0
1943,0
1944,0
1945,0
1946,0
1947,1
1948,1
1949,1
1950,0
1951,1
1952,0
1953,0
1954,0
1955,0
1956,1
1957,1
1958,0
1959,0
1960,0
1961,0
1962,0
1963,1
1964,0
1965,0
1966,1
1967,0
1968,0
1969,1
1970,1
1971,0
1972,0
1973,0
1974,0
1975,1
1976,0
1977,1
1978,1
1979,0
1980,0
1981,0
1982,1
1983,1
1984,0
1985,0
1986,1
1987,1
1988,1
1989,0
1990,0
1991,1
1992,1
1993,1
1994,0
1995,0
1996,0
1997,1
1998,1
1999,0
2000,1
2001,0
2002,0
2003,1
2004,1
2005,0
2006,0
2007,1
2008,1
2009,0
2010,1
2011,1
2012,1
2013,1
2014,1
2015,0
2016,1
2017,0
2018,1
2019,1
2020,0
2021,1
2022,0
2023,0
2024,0
2025,0
2026,1
2027,1
2028,0
2029,0
2030,1
2031,0
2032,1
2033,1
2034,0
2035,0
2036,0
2037,0
2038,0
2039,1
2040,0
2041,0
2042,0
2043,1
2044,1
2045,1
2046,0
2047,1
2048,1
2049,1
2050,1
2051,1
2052,0
2053,0
2054,0
2055,0
2056,1
2057,1
2058,0
2059,0
2060,1
2061,0
2062,0
2063,0
2064,1
2065,0
2066,0
2067,0
2068,1
2069,1
2070,0
2071,0
2072,1
2073,0
2074,1
2075,0
2076,0
2077,1
2078,0
2079,0
2080,0
2081,1
2082,1
2083,1
2084,1
2085,0
2086,1
2087,1
2088,0
2089,0
2090,1
2091,1
2092,0
2093,1
2094,1
2095,0
2096,0
2097,0
2098,1
2099,0
2100,1
2101,0
2102,1
2103,1
2104,0
2105,0
2106,1
2107,1
2108,1
2109,0
2110,1
2111,1
2112,1
2113,1
2114,0
2115,0
2116,1
2117,1
2118,0
2119,0
2120,1
2121,1
2122,1
2123,1
2124,1
2125,1
2126,1
2127,0
2128,0
2129,0
2130,1
2131,0
2132,1
2133,0
2134,1
2135,0
2136,1
2137,1
2138,1
2139,1
2140,1
2141,0
2142,1
2143,1
2144,0
2145,0
2146,0
2147,1
2148,1
2149,0
2150,0
2151,0
2152,1
2153,0
2154,1
2155,0
2156,0
2157,0
2158,1
2159,1
2160,1
2161,1
2162,0
2163,1
2164,0
2165,0
2166,1
2167,0
2168,1
2169,0
2170,0
2171,0
2172,1
2173,1
2174,0
2175,0
2176,0
2177,0
2178,0
2179,1
2180,0
2181,1
2182,1
2183,1
2184,1
2185,1
2186,1
2187,0
2188,0
2189,0
2190,0
2191,0
2192,0
2193,1
2194,0
2195,0
2196,0
2197,0
2198,1
2199,1
2200,0
2201,0
2202,1
2203,0
2204,0
2205,0
2206,0
2207,0
2208,0
2209,1
2210,0
2211,1
2212,0
2213,0
2214,1
2215,1
2216,0
2217,1
2218,1
2219,0
2220,0
2221,0
2222,1
2223,1
2224,1
2225,0
2226,1
2227,0
2228,0
2229,0
2230,0
2231,0
2232,1
2233,1
2234,1
2235,0
2236,0
2237,1
2238,0
2239,1
2240,1
2241,0
2242,0
2243,1
2244,1
2245,1
2246,1
2247,0
2248,1
2249,0
2250,0
2251,1
2252,0
2253,0
2254,0
2255,0
2256,0
2257,0
2258,1
2259,0
2260,1
2261,0
2262,0
2263,0
2264,0
2265,0
2266,1
2267,0
2268,0
2269,1
2270,0
2271,0
2272,0
2273,0
2274,0
2275,0
2276,1
2277,0
2278,0
2279,0
2280,0
2281,1
2282,0
2283,1
2284,1
2285,1
2286,0
2287,0
2288,0
2289,1
2290,1
2291,0
2292,1
2293,0
2294,0
2295,1
2296,1
2297,1
2298,1
2299,0
2300,0
2301,0
2302,0
2303,1
2304,1
2305,1
2306,1
2307,0
2308,0
2309,0
2310,0
2311,0
2312,0
2313,1
2314,0
2315,0
2316,1
2317,0
2318,0
2319,0
2320,1
2321,1
2322,1
2323,0
2324,0
2325,1
2326,1
2327,0
2328,0
2329,0
2330,1
2331,1
2332,0
2333,0
2334,0
2335,0
2336,0
2337,0
2338,1
2339,0
2340,1
2341,1
2342,0
2343,1
2344,0
2345,0
2346,0
2347,1
2348,0
2349,1
2350,0
2351,1
2352,0
2353,0
2354,0
2355,0
2356,1
2357,0
2358,0
2359,1
2360,1
2361,1
2362,1
2363,0
2364,0
2365,1
2366,0
2367,0
2368,0
2369,1
2370,1
2371,1
2372,0
2373,0
2374,0
2375,0
2376,0
2377,0
2378,0
2379,1
2380,1
2381,0
2382,1
2383,1
2384,0
2385,0
2386,0
2387,1
2388,1
2389,0
2390,1
2391,1
2392,0
2393,0
2394,0
2395,0
2396,0
2397,1
2398,1
2399,0
2400,1
2401,1
2402,1
2403,0
2404,1
2405,1
2406,0
2407,1
2408,1
2409,1
2410,0
2411,0
2412,0
2413,0
2414,0
2415,0
2416,0
2417,0
2418,0
2419,0
2420,1
2421,0
2422,1
2423,1
2424,0
2425,1
2426,0
2427,1
2428,0
2429,1
2430,0
2431,0
2432,1
2433,0
2434,0
2435,1
2436,0
2437,1
2438,1
2439,1
2440,1
2441,1
2442,1
2443,1
2444,1
2445,1
2446,0
2447,1
2448,1
2449,1
2450,0
2451,0
2452,0
2453,0
2454,1
2455,0
2456,1
2457,1
2458,0
2459,0
2460,0
2461,0
2462,1
2463,0
2464,1
2465,1
2466,0
2467,0
2468,0
2469,1
2470,1
2471,1
2472,1
2473,0
2474,0
2475,0
2476,1
2477,0
2478,1
2479,0
2480,0
2481,1
2482,0
2483,1
2484,1
2485,0
2486,0
2487,0
2488,1
2489,1
2490,1
2491,0
2492,1
2493,0
2494,0
2495,1
2496,1
2497,0
2498,0
2499,0
2500,1
2501,1
2502,0
2503,0
2504,0
2505,0
2506,1
2507,1
2508,0
2509,0
2510,0
2511,0
2512,1
2513,1
2514,0
2515,1
2516,1
2517,1
2518,0
2519,1
2520,1
2521,0
2522,1
2523,1
2524,0
2525,0
2526,0
2527,1
2528,0
2529,1
2530,0
2531,1
2532,0
2533,0
2534,1
2535,0
2536,0
2537,1
2538,0
2539,1
2540,1
2541,0
2542,0
2543,1
2544,1
2545,0
2546,1
2547,0
2548,1
2549,1
2550,0
2551,1
2552,0
2553,0
2554,1
2555,1
2556,0
2557,0
2558,0
2559,1
2560,1
2561,0
2562,1
2563,1
2564,0
2565,1
2566,1
2567,0
2568,0
2569,1
2570,0
2571,0
2572,1
2573,1
2574,0
2575,1
2576,1
2577,1
2578,0
2579,0
2580,1
2581,0
2582,0
2583,1
2584,1
2585,1
2586,0
2587,0
2588,1
2589,0
2590,0
2591,0
2592,0
2593,1
2594,1
2595,0
2596,1
2597,1
2598,1
2599,1
2600,0
2601,1
2602,1
2603,1
2604,0
2605,0
2606,0
2607,0
2608,1
2609,1
2610,1
2611,0
2612,0
2613,1
2614,1
2615,0
2616,0
2617,1
2618,1
2619,0
2620,1
2621,0
2622,0
2623,1
2624,1
2625,1
2626,0
2627,1
2628,1
2629,1
2630,0
2631,1
2632,1
2633,0
2634,0
2635,1
2636,1
2637,1
2638,0
2639,0
2640,1
2641,1
2642,0
2643,0
2644,1
2645,1
2646,0
2647,1
2648,0
2649,0
2650,1
2651,0
2652,1
2653,1
2654,0
2655,1
2656,1
2657,0
2658,0
2659,1
2660,0
2661,1
2662,0
2663,0
2664,1
2665,1
2666,1
2667,1
2668,0
2669,1
2670,1
2671,1
2672,1
2673,0
2674,1
2675,1
2676,1
2677,0
2678,1
2679,0
2680,1
2681,1
2682,1
2683,0
2684,1
2685,1
2686,0
2687,0
2688,0
2689,1
2690,1
2691,0
2692,1
2693,1
2694,0
2695,1
2696,1
2697,1
2698,1
2699,1
2700,1
2701,0
2702,1
2703,0
2704,0
2705,0
2706,0
2707,1
2708,1
2709,1
2710,0
2711,0
2712,1
2713,0
2714,0
2715,1
2716,0
2717,1
2718,1
2719,0
2720,0
2721,1
2722,1
2723,0
2724,0
2725,1
2726,1
2727,0
2728,1
2729,0
2730,1
2731,1
2732,0
2733,0
2734,1
2735,1
2736,1
2737,0
2738,0
2739,1
2740,1
2741,0
2742,1
2743,0
2744,0
2745,0
2746,1
2747,0
2748,1
2749,1
2750,0
2751,0
2752,1
2753,0
2754,0
2755,0
2756,1
2757,0
2758,1
2759,1
2760,0
2761,0
2762,0
2763,0
2764,0
2765,1
2766,1
2767,0
2768,0
2769,1
2770,1
2771,1
2772,1
2773,0
2774,1
2775,1
2776,0
2777,0
2778,1
2779,0
2780,0
2781,0
2782,1
2783,1
2784,1
2785,0
2786,1
2787,1
2788,1
2789,0
2790,1
2791,1
2792,1
2793,0
2794,0
2795,0
2796,1
2797,0
2798,0
2799,1
2800,0
2801,1
2802,1
2803,0
2804,0
2805,1
2806,1
2807,0
2808,0
2809,0
2810,1
2811,0
2812,0
2813,0
2814,0
2815,0
2816,1
2817,0
2818,0
2819,0
2820,0
2821,1
2822,1
2823,1
2824,1
2825,0
2826,0
2827,0
2828,1
2829,0
2830,0
2831,1
2832,0
2833,1
2834,0
2835,1
2836,0
2837,0
2838,0
2839,1
2840,0
2841,0
2842,1
2843,1
2844,0
2845,0
2846,0
2847,1
2848,0
2849,1
2850,0
2851,1
2852,0
2853,0
2854,0
2855,1
2856,0
2857,1
2858,0
2859,0
2860,1
2861,0
2862,1
2863,1
2864,1
2865,0
2866,1
2867,0
2868,1
2869,0
2870,0
2871,1
2872,0
2873,0
2874,0
2875,1
2876,0
2877,1
2878,0
2879,1
2880,1
2881,0
2882,0
2883,1
2884,0
2885,1
2886,1
2887,0
2888,0
2889,0
2890,1
2891,0
2892,0
2893,0
2894,0
2895,0
2896,0
2897,0
2898,1
2899,0
2900,1
2901,1
2902,1
2903,0
2904,1
2905,1
2906,1
2907,0
2908,1
2909,0
2910,1
2911,0
2912,0
2913,1
2914,0
2915,0
2916,0
2917,1
2918,1
2919,0
2920,1
2921,1
2922,1
2923,0
2924,0
2925,1
2926,1
2927,0
2928,1
2929,0
2930,1
2931,1
2932,1
2933,0
2934,1
2935,0
2936,1
2937,0
2938,0
2939,1
2940,0
2941,0
2942,0
2943,1
2944,1
2945,1
2946,1
2947,1
2948,0
2949,0
2950,1
2951,1
2952,0
2953,0
2954,0
2955,0
2956,0
2957,0
2958,0
2959,0
2960,1
2961,0
2962,1
2963,1
2964,1
2965,0
2966,1
2967,1
2968,0
2969,0
2970,1
2971,0
2972,1
2973,0
2974,1
2975,0
2976,0
2977,0
2978,0
2979,0
2980,1
2981,1
2982,1
2983,1
2984,0
2985,0
2986,0
2987,0
2988,0
2989,1
2990,1
2991,0
2992,1
2993,0
2994,1
2995,0
2996,0
2997,0
2998,0
2999,0
3000,1
3001,0
3002,0
3003,0
3004,1
3005,1
3006,1
3007,0
3008,1
3009,1
3010,1
3011,0
3012,1
3013,0
3014,1
3015,0
3016,0
3017,1
3018,1
3019,1
3020,0
3021,0
3022,1
3023,0
3024,1
3025,1
3026,1
3027,1
3028,1
3029,0
3030,0
3031,0
3032,0
3033,0
3034,0
3035,0
3036,0
3037,0
3038,0
3039,1
3040,1
3041,1
3042,0
3043,1
3044,1
3045,1
3046,1
3047,0
3048,1
3049,0
3050,1
3051,1
3052,1
3053,0
3054,0
3055,0
3056,1
3057,0
3058,0
3059,0
3060,1
3061,1
3062,1
3063,1
3064,0
3065,0
3066,1
3067,1
3068,1
3069,0
3070,1
3071,1
3072,0
3073,1
3074,0
3075,1
3076,1
3077,0
3078,0
3079,0
3080,1
3081,0
3082,1
3083,0
3084,1
3085,0
3086,1
3087,1
3088,1
3089,0
3090,0
3091,0
3092,0
3093,1
3094,0
3095,0
3096,0
3097,1
3098,0
3099,0
3100,0
3101,1
3102,0
3103,1
3104,1
3105,1
3106,1
3107,0
3108,0
3109,1
3110,0
3111,0
3112,1
3113,0
3114,1
3115,1
3116,1
3117,0
3118,0
3119,0
3120,0
3121,0
3122,1
3123,1
3124,0
3125,0
3126,1
3127,1
3128,1
3129,1
3130,0
3131,1
3132,0
3133,1
3134,1
3135,1
3136,1
3137,1
3138,1
3139,0
3140,1
3141,1
3142,1
3143,1
3144,0
3145,0
3146,0
3147,1
3148,0
3149,1
3150,0
3151,0
3152,1
3153,1
3154,1
3155,0
3156,1
3157,0
3158,0
3159,1
3160,1
3161,1
3162,1
3163,0
3164,0
3165,0
3166,1
3167,1
3168,1
3169,1
3170,1
3171,0
3172,0
3173,1
3174,0
3175,0
3176,0
3177,0
3178,0
3179,1
3180,1
3181,0
3182,1
3183,1
3184,0
3185,1
3186,1
3187,1
3188,1
3189,0
3190,1
3191,0
3192,0
3193,0
3194,1
3195,1
3196,0
3197,1
3198,1
3199,1
3200,1
3201,0
3202,1
3203,1
3204,1
3205,0
3206,0
3207,0
3208,0
3209,0
3210,1
3211,0
3212,0
3213,1
3214,0
3215,1
3216,0
3217,0
3218,0
3219,0
3220,1
3221,0
3222,0
3223,0
3224,1
3225,1
3226,0
3227,1
3228,0
3229,1
3230,0
3231,0
3232,1
3233,1
3234,1
3235,1
3236,0
3237,1
3238,0
3239,1
3240,1
3241,1
3242,0
3243,0
3244,1
3245,0
3246,0
3247,1
3248,0
3249,0
3250,0
3251,0
3252,1
3253,1
3254,0
3255,1
3256,0
3257,0
3258,1
3259,1
3260,0
3261,0
3262,1
3263,0
3264,0
3265,0
3266,0
3267,0
3268,1
3269,1
3270,0
3271,0
3272,1
3273,1
3274,1
3275,0
3276,0
3277,0
3278,0
3279,1
3280,1
3281,0
3282,1
3283,0
3284,0
3285,0
3286,1
3287,1
3288,1
3289,0
3290,0
3291,0
3292,1
3293,1
3294,0
3295,1
3296,0
3297,1
3298,1
3299,0
3300,1
3301,1
3302,0
3303,0
3304,1
3305,0
3306,0
3307,0
3308,0
3309,0
3310,0
3311,0
3312,1
3313,1
3314,0
3315,1
3316,0
3317,1
3318,1
3319,0
3320,1
3321,1
3322,0
3323,1
3324,0
3325,1
3326,1
3327,0
3328,0
3329,0
3330,0
3331,1
3332,0
3333,0
3334,1
3335,1
3336,1
3337,0
3338,0
3339,1
3340,1
3341,0
3342,1
3343,1
3344,0
3345,0
3346,1
3347,1
3348,1
3349,1
3350,0
3351,0
3352,1
3353,1
3354,1
3355,0
3356,0
3357,0
3358,1
3359,1
3360,0
3361,1
3362,0
3363,1
3364,0
3365,1
3366,0
3367,0
3368,0
3369,1
3370,1
3371,0
3372,0
3373,1
3374,0
3375,1
3376,1
3377,1
3378,1
3379,0
3380,1
3381,1
3382,1
3383,0
3384,0
3385,0
3386,0
3387,0
3388,1
3389,1
3390,1
3391,0
3392,1
3393,0
3394,1
3395,1
3396,0
3397,1
3398,0
3399,1
3400,0
3401,1
3402,0
3403,0
3404,0
3405,1
3406,0
3407,1
3408,1
3409,0
3410,0
3411,1
3412,1
3413,0
3414,1
3415,0
3416,1
3417,1
3418,1
3419,1
3420,0
3421,0
3422,0
3423,1
3424,0
3425,1
3426,1
3427,1
3428,1
3429,1
3430,1
3431,0
3432,1
3433,0
3434,1
3435,1
3436,0
3437,1
3438,0
3439,1
3440,1
3441,0
3442,0
3443,0
3444,0
3445,1
3446,0
3447,0
3448,1
3449,1
3450,0
3451,1
3452,0
3453,0
3454,0
3455,1
3456,0
3457,1
3458,0
3459,0
3460,0
3461,0
3462,1
3463,0
3464,0
3465,1
3466,1
3467,1
3468,0
3469,1
3470,1
3471,0
3472,1
3473,1
3474,0
3475,0
3476,1
3477,1
3478,1
3479,0
3480,0
3481,1
3482,0
3483,0
3484,1
3485,0
3486,0
3487,0
3488,1
3489,1
3490,0
3491,1
3492,0
3493,1
3494,1
3495,1
3496,0
3497,0
3498,1
3499,0
3500,0
3501,1
3502,1
3503,1
3504,0
3505,1
3506,0
3507,1
3508,0
3509,0
3510,1
3511,0
3512,1
3513,0
3514,0
3515,0
3516,1
3517,0
3518,0
3519,1
3520,1
3521,0
3522,0
3523,0
3524,0
3525,0
3526,1
3527,1
3528,0
3529,1
3530,1
3531,0
3532,0
3533,1
3534,0
3535,0
3536,0
3537,1
3538,1
3539,1
3540,0
3541,0
3542,0
3543,1
3544,0
3545,0
3546,0
3547,0
3548,0
3549,1
3550,1
3551,0
3552,1
3553,0
3554,0
3555,1
3556,1
3557,0
3558,0
3559,0
3560,1
3561,0
3562,1
3563,0
3564,1
3565,1
3566,0
3567,1
3568,1
3569,1
3570,1
3571,0
3572,0
3573,0
3574,0
3575,0
3576,0
3577,0
3578,0
3579,0
3580,0
3581,0
3582,0
3583,0
3584,0
3585,1
3586,0
3587,0
3588,1
3589,0
3590,1
3591,0
3592,0
3593,0
3594,1
3595,0
3596,0
3597,0
3598,1
3599,1
3600,1
3601,1
3602,1
3603,0
3604,0
3605,1
3606,1
3607,0
3608,1
3609,0
3610,0
3611,1
3612,1
3613,1
3614,1
3615,0
3616,1
3617,0
3618,0
3619,1
3620,1
3621,0
3622,0
3623,1
3624,0
3625,0
3626,1
3627,0
3628,1
3629,1
3630,0
3631,0
3632,1
3633,0
3634,0
3635,0
3636,0
3637,1
3638,0
3639,1
3640,1
3641,0
3642,0
3643,1
3644,0
3645,1
3646,1
3647,0
3648,0
3649,1
3650,1
3651,0
3652,0
3653,1
3654,1
3655,1
3656,0
3657,1
3658,1
3659,1
3660,1
3661,1
3662,0
3663,1
3664,0
3665,1
3666,0
3667,0
3668,0
3669,1
3670,0
3671,1
3672,0
3673,0
3674,1
3675,0
3676,1
3677,0
3678,0
3679,0
3680,0
3681,1
3682,0
3683,0
3684,0
3685,0
3686,0
3687,1
3688,1
3689,1
3690,1
3691,0
3692,1
3693,0
3694,1
3695,0
3696,0
3697,0
3698,1
3699,1
3700,0
3701,1
3702,1
3703,0
3704,0
3705,0
3706,1
3707,0
3708,0
3709,0
3710,1
3711,1
3712,1
3713,0
3714,1
3715,0
3716,1
3717,0
3718,0
3719,1
3720,0
3721,1
3722,0
3723,0
3724,1
3725,0
3726,0
3727,1
3728,0
3729,0
3730,1
3731,1
3732,0
3733,0
3734,0
3735,1
3736,1
3737,0
3738,1
3739,0
3740,1
3741,0
3742,1
3743,0
3744,0
3745,1
3746,1
3747,0
3748,1
3749,1
3750,1
3751,1
3752,1
3753,1
3754,0
3755,0
3756,0
3757,1
3758,0
3759,1
3760,0
3761,0
3762,1
3763,1
3764,1
3765,1
3766,0
3767,1
3768,0
3769,1
3770,1
3771,0
3772,0
3773,1
3774,0
3775,1
3776,0
3777,1
3778,0
3779,0
3780,1
3781,1
3782,0
3783,1
3784,1
3785,1
3786,1
3787,0
3788,1
3789,1
3790,1
3791,1
3792,0
3793,0
3794,0
3795,0
3796,1
3797,1
3798,0
3799,0
3800,1
3801,0
3802,0
3803,1
3804,1
3805,1
3806,1
3807,0
3808,1
3809,0
3810,0
3811,0
3812,0
3813,1
3814,1
3815,0
3816,1
3817,0
3818,0
3819,1
3820,0
3821,0
3822,0
3823,0
3824,1
3825,1
3826,1
3827,0
3828,1
3829,1
3830,0
3831,0
3832,0
3833,1
3834,1
3835,1
3836,0
3837,1
3838,0
3839,0
3840,0
3841,1
3842,0
3843,0
3844,1
3845,1
3846,1
3847,1
3848,0
3849,0
3850,0
3851,0
3852,0
3853,1
3854,1
3855,0
3856,0
3857,0
3858,0
3859,1
3860,1
3861,1
3862,0
3863,0
3864,0
3865,0
3866,0
3867,0
3868,0
3869,1
3870,1
3871,1
3872,1
3873,0
3874,0
3875,1
3876,0
3877,0
3878,0
3879,0
3880,1
3881,1
3882,1
3883,1
3884,1
3885,1
3886,1
3887,0
3888,1
3889,0
3890,0
3891,1
3892,0
3893,0
3894,0
3895,1
3896,0
3897,0
3898,0
3899,1
3900,1
3901,1
3902,0
3903,1
3904,0
3905,0
3906,0
3907,1
3908,1
3909,0
3910,0
3911,1
3912,1
3913,0
3914,0
3915,1
3916,0
3917,1
3918,1
3919,0
3920,1
3921,0
3922,0
3923,1
3924,0
3925,0
3926,0
3927,0
3928,1
3929,0
3930,0
3931,1
3932,0
3933,0
3934,0
3935,0
3936,1
3937,0
3938,0
3939,1
3940,0
3941,0
3942,1
3943,0
3944,1
3945,1
3946,0
3947,1
3948,0
3949,1
3950,0
3951,0
3952,1
3953,1
3954,0
3955,0
3956,0
3957,0
3958,1
3959,1
3960,0
3961,0
3962,1
3963,1
3964,1
3965,1
3966,1
3967,1
3968,1
3969,0
3970,0
3971,1
3972,1
3973,1
3974,1
3975,1
3976,1
3977,0
3978,1
3979,1
3980,1
3981,1
3982,0
3983,0
3984,0
3985,1
3986,0
3987,1
3988,1
3989,1
3990,1
3991,0
3992,1
3993,1
3994,0
3995,0
3996,1
3997,1
3998,1
3999,1
4000,0
4001,0
4002,1
4003,1
4004,0
4005,0
4006,0
4007,0
4008,1
4009,0
4010,1
4011,1
4012,1
4013,0
4014,0
4015,1
4016,0
4017,1
4018,1
4019,1
4020,1
4021,1
4022,1
4023,1
4024,0
4025,1
4026,1
4027,0
4028,0
4029,0
4030,1
4031,0
4032,0
4033,0
4034,0
4035,1
4036,1
4037,1
4038,0
4039,0
4040,0
4041,0
4042,1
4043,1
4044,1
4045,1
4046,0
4047,1
4048,0
4049,1
4050,0
4051,0
4052,0
4053,1
4054,1
4055,0
4056,0
4057,1
4058,0
4059,1
4060,0
4061,0
4062,1
4063,1
4064,1
4065,0
4066,0
4067,0
4068,1
4069,1
4070,1
4071,1
4072,1
4073,1
4074,1
4075,1
4076,0
4077,1
4078,1
4079,1
4080,0
4081,1
4082,1
4083,1
4084,0
4085,0
4086,1
4087,1
4088,0
4089,1
4090,1
4091,1
4092,1
4093,0
4094,1
4095,1
4096,1
4097,0
4098,1
4099,0
4100,1
4101,1
4102,1
4103,0
4104,1
4105,1
4106,1
4107,0
4108,0
4109,1
4110,0
4111,1
4112,1
4113,0
4114,1
4115,0
4116,1
4117,0
4118,1
4119,0
4120,1
4121,1
4122,1
4123,0
4124,1
4125,0
4126,0
4127,1
4128,0
4129,0
4130,1
4131,0
4132,1
4133,1
4134,0
4135,0
4136,0
4137,1
4138,1
4139,1
4140,1
4141,1
4142,0
4143,1
4144,0
4145,0
4146,1
4147,0
4148,0
4149,0
4150,1
4151,0
4152,1
4153,1
4154,1
4155,0
4156,1
4157,0
4158,0
4159,0
4160,1
4161,1
4162,1
4163,1
4164,0
4165,1
4166,0
4167,1
4168,1
4169,1
4170,1
4171,0
4172,0
4173,0
4174,0
4175,0
4176,1
4177,1
4178,0
4179,1
4180,1
4181,0
4182,0
4183,0
4184,1
4185,0
4186,1
4187,1
4188,1
4189,1
4190,0
4191,0
4192,1
4193,0
4194,0
4195,1
4196,0
4197,0
4198,0
4199,0
4200,0
4201,0
4202,0
4203,1
4204,0
4205,0
4206,1
4207,0
4208,0
4209,0
4210,1
4211,1
4212,0
4213,1
4214,0
4215,0
4216,0
4217,1
4218,0
4219,0
4220,0
4221,1
4222,1
4223,0
4224,1
4225,1
4226,0
4227,0
4228,0
4229,1
4230,0
4231,1
4232,1
4233,0
4234,0
4235,1
4236,0
4237,0
4238,0
4239,1
4240,0
4241,0
4242,1
4243,1
4244,1
4245,0
4246,0
4247,0
4248,0
4249,0
4250,1
4251,0
4252,1
4253,1
4254,1
4255,1
4256,0
4257,0
4258,0
4259,0
4260,1
4261,1
4262,1
4263,0
4264,1
4265,0
4266,1
4267,1
4268,1
4269,1
4270,1
4271,1
4272,1
4273,0
4274,0
4275,0
4276,1
4277,1
4278,1
4279,0
4280,0
4281,0
4282,0
4283,0
4284,1
4285,1
4286,0
4287,0
4288,0
4289,1
4290,1
4291,1
4292,0
4293,0
4294,1
4295,1
4296,1
4297,0
4298,0
4299,1
4300,0
4301,1
4302,0
4303,1
4304,1
4305,0
4306,1
4307,0
4308,1
4309,1
4310,0
4311,0
4312,1
4313,1
4314,1
4315,1
4316,1
4317,1
4318,0
4319,1
4320,1
4321,0
4322,1
4323,0
4324,0
4325,1
4326,1
4327,0
4328,1
4329,0
4330,0
4331,0
4332,1
4333,1
4334,1
4335,0
4336,1
4337,0
4338,0
4339,0
4340,0
4341,1
4342,1
4343,1
4344,0
4345,1
4346,0
4347,0
4348,0
4349,1
4350,1
4351,1
4352,1
4353,1
4354,0
4355,0
4356,1
4357,1
4358,1
4359,0
4360,1
4361,0
4362,1
4363,0
4364,0
4365,1
4366,0
4367,0
4368,0
4369,0
4370,1
4371,1
4372,1
4373,1
4374,1
4375,0
4376,1
4377,0
4378,1
4379,1
4380,1
4381,0
4382,0
4383,0
4384,0
4385,0
4386,1
4387,0
4388,1
4389,0
4390,1
4391,0
4392,0
4393,1
4394,1
4395,1
4396,1
4397,0
4398,0
4399,0
4400,0
4401,0
4402,1
4403,1
4404,1
4405,0
4406,1
4407,1
4408,0
4409,1
4410,0
4411,1
4412,0
4413,1
4414,1
4415,1
4416,0
4417,0
4418,0
4419,1
4420,0
4421,0
4422,1
4423,1
4424,0
4425,1
4426,0
4427,1
4428,0
4429,1
4430,0
4431,1
4432,0
4433,1
4434,1
4435,0
4436,0
4437,1
4438,1
4439,0
4440,1
4441,0
4442,0
4443,1
4444,0
4445,1
4446,0
4447,1
4448,0
4449,0
4450,1
4451,0
4452,0
4453,0
4454,1
4455,1
4456,0
4457,0
4458,0
4459,0
4460,0
4461,1
4462,0
4463,1
4464,1
4465,0
4466,0
4467,0
4468,0
4469,1
4470,1
4471,0
4472,1
4473,0
4474,0
4475,0
4476,1
4477,1
4478,0
4479,1
4480,1
4481,0
4482,0
4483,0
4484,1
4485,1
4486,0
4487,1
4488,1
4489,0
4490,0
4491,0
4492,0
4493,0
4494,1
4495,0
4496,1
4497,1
4498,1
4499,1
4500,0
4501,0
4502,1
4503,1
4504,1
4505,1
4506,0
4507,0
4508,0
4509,1
4510,0
4511,1
4512,1
4513,1
4514,1
4515,1
4516,1
4517,0
4518,0
4519,1
4520,1
4521,0
4522,0
4523,1
4524,1
4525,0
4526,0
4527,0
4528,0
4529,1
4530,0
4531,0
4532,1
4533,0
4534,1
4535,0
4536,0
4537,1
4538,1
4539,1
4540,0
4541,1
4542,0
4543,1
4544,1
4545,1
4546,0
4547,0
4548,0
4549,1
4550,0
4551,1
4552,1
4553,1
4554,0
4555,0
4556,0
4557,0
4558,0
4559,1
4560,1
4561,0
4562,1
4563,0
4564,1
4565,1
4566,1
4567,0
4568,0
4569,0
4570,0
4571,1
4572,1
4573,0
4574,1
4575,0
4576,0
4577,1
4578,1
4579,0
4580,1
4581,0
4582,0
4583,1
4584,0
4585,1
4586,0
4587,0
4588,1
4589,1
4590,0
4591,1
4592,0
4593,1
4594,1
4595,0
4596,0
4597,1
4598,0
4599,1
4600,0
4601,0
4602,1
4603,0
4604,0
4605,0
4606,0
4607,1
4608,0
4609,1
4610,0
4611,0
4612,0
4613,0
4614,1
4615,0
4616,0
4617,0
4618,0
4619,1
4620,1
4621,0
4622,0
4623,1
4624,0
4625,0
4626,0
4627,1
4628,1
4629,0
4630,0
4631,0
4632,1
4633,0
4634,1
4635,1
4636,0
4637,1
4638,0
4639,0
4640,1
4641,0
4642,0
4643,1
4644,0
4645,0
4646,1
4647,1
4648,0
4649,0
4650,0
4651,0
4652,0
4653,1
4654,0
4655,0
4656,1
4657,0
4658,1
4659,0
4660,1
4661,1
4662,1
4663,1
4664,0
4665,1
4666,0
4667,0
4668,0
4669,0
4670,1
4671,0
4672,0
4673,1
4674,0
4675,0
4676,0
4677,0
4678,1
4679,0
4680,1
4681,0
4682,0
4683,0
4684,1
4685,0
4686,1
4687,0
4688,0
4689,1
4690,0
4691,0
4692,1
4693,1
4694,1
4695,1
4696,1
4697,0
4698,1
4699,0
4700,0
4701,1
4702,1
4703,0
4704,1
4705,0
4706,0
4707,1
4708,1
4709,0
4710,1
4711,1
4712,0
4713,0
4714,0
4715,0
4716,0
4717,1
4718,1
4719,0
4720,1
4721,0
4722,0
4723,0
4724,1
4725,0
4726,0
4727,0
4728,1
4729,0
4730,0
4731,0
4732,0
4733,0
4734,0
4735,0
4736,0
4737,0
4738,0
4739,1
4740,0
4741,1
4742,1
4743,1
4744,0
4745,0
4746,0
4747,0
4748,1
4749,0
4750,0
4751,0
4752,1
4753,1
4754,1
4755,1
4756,1
4757,1
4758,0
4759,0
4760,1
4761,0
4762,1
4763,1
4764,1
4765,1
4766,0
4767,0
4768,0
4769,0
4770,1
4771,1
4772,1
4773,1
4774,1
4775,0
4776,1
4777,1
4778,1
4779,0
4780,1
4781,0
4782,1
4783,1
4784,0
4785,0
4786,1
4787,1
4788,1
4789,1
4790,0
4791,0
4792,1
4793,1
4794,0
4795,1
4796,0
4797,0
4798,1
4799,0
4800,1
4801,1
4802,1
4803,1
4804,1
4805,0
4806,0
4807,1
4808,0
4809,1
4810,1
4811,1
4812,0
4813,0
4814,0
4815,0
4816,0
4817,1
4818,1
4819,1
4820,0
4821,1
4822,0
4823,0
4824,1
4825,0
4826,1
4827,1
4828,0
4829,0
4830,1
4831,1
4832,1
4833,1
4834,0
4835,0
4836,1
4837,1
4838,1
4839,1
4840,0
4841,0
4842,0
4843,0
4844,1
4845,1
4846,1
4847,1
4848,1
4849,1
4850,1
4851,0
4852,0
4853,1
4854,1
4855,0
4856,0
4857,0
4858,1
4859,0
4860,0
4861,0
4862,0
4863,0
4864,1
4865,0
4866,0
4867,0
4868,1
4869,0
4870,0
4871,1
4872,0
4873,1
4874,0
4875,1
4876,0
4877,0
4878,0
4879,1
4880,0
4881,1
4882,1
4883,0
4884,0
4885,0
4886,0
4887,1
4888,1
4889,1
4890,1
4891,0
4892,1
4893,0
4894,0
4895,1
4896,0
4897,0
4898,0
4899,0
4900,1
4901,1
4902,1
4903,1
4904,1
4905,1
4906,1
4907,1
4908,1
4909,0
4910,0
4911,1
4912,0
4913,1
4914,1
4915,1
4916,1
4917,0
4918,0
4919,0
4920,1
4921,1
4922,1
4923,1
4924,1
4925,0
4926,0
4927,0
4928,1
4929,0
4930,0
4931,1
4932,0
4933,1
4934,1
4935,0
4936,0
4937,0
4938,1
4939,0
4940,0
4941,1
4942,0
4943,0
4944,0
4945,0
4946,0
4947,0
4948,0
4949,1
4950,1
4951,0
4952,1
4953,0
4954,0
4955,0
4956,0
4957,0
4958,1
4959,1
4960,1
4961,1
4962,1
4963,1
4964,1
4965,0
4966,0
4967,0
4968,0
4969,0
4970,1
4971,1
4972,1
4973,1
4974,0
4975,1
4976,0
4977,1
4978,1
4979,0
4980,0
4981,1
4982,1
4983,0
4984,1
4985,0
4986,1
4987,0
4988,1
4989,0
4990,0
4991,1
4992,1
4993,0
4994,1
4995,0
4996,0
4997,1
4998,1
4999,1
5000,1
5001,0
5002,1
5003,1
5004,0
5005,0
5006,1
5007,1
5008,1
5009,1
5010,0
5011,0
5012,0
5013,0
5014,0
5015,1
5016,1
5017,1
5018,1
5019,0
5020,0
5021,1
5022,0
5023,1
5024,1
5025,0
5026,0
5027,1
5028,0
5029,0
5030,1
5031,1
5032,0
5033,1
5034,1
5035,1
5036,0
5037,0
5038,0
5039,1
5040,1
5041,0
5042,1
5043,0
5044,0
5045,1
5046,1
5047,1
5048,0
5049,1
5050,1
5051,0
5052,1
5053,1
5054,0
5055,1
5056,1
5057,0
5058,0
5059,1
5060,1
5061,0
5062,0
5063,1
5064,0
5065,1
5066,1
5067,1
5068,0
5069,1
5070,1
5071,1
5072,1
5073,1
5074,1
5075,0
5076,0
5077,0
5078,0
5079,1
5080,0
5081,1
5082,0
5083,0
5084,0
5085,1
5086,0
5087,0
5088,0
5089,1
5090,1
5091,1
5092,1
5093,1
5094,1
5095,0
5096,0
5097,1
5098,1
5099,0
5100,1
5101,1
5102,0
5103,0
5104,1
5105,0
5106,0
5107,1
5108,0
5109,0
5110,0
5111,1
5112,0
5113,0
5114,0
5115,1
5116,0
5117,0
5118,1
5119,1
5120,0
5121,0
5122,1
5123,0
5124,0
5125,0
5126,0
5127,1
5128,0
5129,0
5130,0
5131,0
5132,1
5133,0
5134,0
5135,1
5136,0
5137,0
5138,0
5139,1
5140,0
5141,1
5142,0
5143,1
5144,0
5145,0
5146,0
5147,0
5148,0
5149,0
5150,1
5151,1
5152,0
5153,1
5154,1
5155,0
5156,0
5157,1
5158,1
5159,1
5160,1
5161,0
5162,0
5163,1
5164,1
5165,1
5166,1
5167,1
5168,1
5169,1
5170,1
5171,0
5172,1
5173,0
5174,1
5175,0
5176,1
5177,0
5178,1
5179,1
5180,1
5181,1
5182,1
5183,1
5184,1
5185,0
5186,0
5187,0
5188,0
5189,1
5190,1
5191,0
5192,1
5193,1
5194,0
5195,0
5196,1
5197,0
5198,1
5199,1
5200,0
5201,1
5202,0
5203,1
5204,1
5205,0
5206,0
5207,1
5208,0
5209,0
5210,0
5211,1
5212,1
5213,0
5214,1
5215,1
5216,1
5217,0
5218,0
5219,1
5220,1
5221,0
5222,1
5223,0
5224,1
5225,0
5226,1
5227,1
5228,1
5229,0
5230,0
5231,0
5232,0
5233,1
5234,0
5235,0
5236,0
5237,0
5238,0
5239,1
5240,0
5241,0
5242,1
5243,1
5244,0
5245,0
5246,1
5247,1
5248,0
5249,1
5250,0
5251,0
5252,0
5253,1
5254,0
5255,0
5256,1
5257,1
5258,0
5259,1
5260,0
5261,0
5262,0
5263,0
5264,1
5265,1
5266,0
5267,0
5268,0
5269,0
5270,1
5271,1
5272,0
5273,1
5274,0
5275,1
5276,0
5277,1
5278,1
5279,0
5280,1
5281,0
5282,0
5283,1
5284,1
5285,1
5286,1
5287,1
5288,0
5289,0
5290,1
5291,1
5292,1
5293,1
5294,1
5295,0
5296,0
5297,0
5298,1
5299,0
5300,0
5301,0
5302,1
5303,1
5304,0
5305,1
5306,1
5307,0
5308,1
5309,0
5310,1
5311,0
5312,1
5313,0
5314,1
5315,0
5316,0
5317,1
5318,1
5319,1
5320,1
5321,0
5322,0
5323,1
5324,1
5325,0
5326,0
5327,1
5328,1
5329,0
5330,1
5331,0
5332,1
5333,1
5334,0
5335,1
5336,0
5337,1
5338,1
5339,1
5340,1
5341,0
5342,1
5343,1
5344,1
5345,1
5346,1
5347,1
5348,0
5349,0
5350,0
5351,1
5352,1
5353,1
5354,1
5355,1
5356,1
5357,0
5358,1
5359,1
5360,0
5361,0
5362,0
5363,0
5364,1
5365,0
5366,0
5367,0
5368,1
5369,1
5370,1
5371,0
5372,1
5373,1
5374,1
5375,1
5376,0
5377,1
5378,1
5379,1
5380,1
5381,1
5382,1
5383,0
5384,0
5385,1
5386,1
5387,0
5388,0
5389,0
5390,0
5391,1
5392,1
5393,0
5394,0
5395,0
5396,0
5397,1
5398,0
5399,1
5400,0
5401,1
5402,1
5403,0
5404,1
5405,1
5406,1
5407,1
5408,0
5409,0
5410,0
5411,0
5412,0
5413,1
5414,1
5415,1
5416,1
5417,1
5418,1
5419,0
5420,0
5421,0
5422,1
5423,1
5424,1
5425,0
5426,0
5427,0
5428,0
5429,1
5430,1
5431,0
5432,0
5433,1
5434,1
5435,0
5436,0
5437,0
5438,1
5439,0
5440,0
5441,1
5442,0
5443,1
5444,0
5445,0
5446,0
5447,0
5448,0
5449,0
5450,0
5451,0
5452,0
5453,0
5454,1
5455,1
5456,0
5457,1
5458,1
5459,0
5460,1
5461,1
5462,0
5463,1
5464,0
5465,0
5466,0
5467,0
5468,1
5469,1
5470,1
5471,1
5472,0
5473,1
5474,0
5475,1
5476,1
5477,1
5478,0
5479,1
5480,0
5481,1
5482,1
5483,1
5484,0
5485,0
5486,1
5487,0
5488,0
5489,0
5490,0
5491,0
5492,0
5493,0
5494,1
5495,1
5496,1
5497,0
5498,0
5499,0
5500,0
5501,1
5502,0
5503,1
5504,0
5505,1
5506,1
5507,1
5508,1
5509,0
5510,1
5511,1
5512,1
5513,0
5514,1
5515,0
5516,1
5517,0
5518,0
5519,1
5520,0
5521,1
5522,1
5523,1
5524,1
5525,1
5526,0
5527,1
5528,0
5529,1
5530,0
5531,1
5532,1
5533,0
5534,1
5535,0
5536,0
5537,0
5538,0
5539,0
5540,1
5541,0
5542,1
5543,0
5544,1
5545,1
5546,0
5547,1
5548,1
5549,1
5550,0
5551,0
5552,0
5553,1
5554,1
5555,1
5556,1
5557,1
5558,1
5559,1
5560,0
5561,0
5562,0
5563,0
5564,0
5565,1
5566,0
5567,1
5568,1
5569,0
5570,0
5571,1
5572,1
5573,0
5574,0
5575,1
5576,1
5577,0
5578,1
5579,0
5580,1
5581,1
5582,1
5583,0
5584,1
5585,1
5586,1
5587,0
5588,0
5589,1
5590,1
5591,0
5592,1
5593,0
5594,1
5595,1
5596,0
5597,0
5598,0
5599,1
5600,0
5601,1
5602,0
5603,1
5604,0
5605,0
5606,1
5607,1
5608,1
5609,0
5610,1
5611,0
5612,1
5613,1
5614,0
5615,0
5616,1
5617,1
5618,1
5619,1
5620,0
5621,0
5622,1
5623,1
5624,1
5625,0
5626,1
5627,1
5628,1
5629,0
5630,1
5631,0
5632,0
5633,0
5634,0
5635,0
5636,1
5637,0
5638,0
5639,0
5640,0
5641,1
5642,0
5643,0
5644,1
5645,1
5646,1
5647,1
5648,0
5649,0
5650,1
5651,0
5652,0
5653,1
5654,1
5655,0
5656,1
5657,1
5658,1
5659,1
5660,0
5661,0
5662,0
5663,1
5664,0
5665,1
5666,0
5667,1
5668,1
5669,1
5670,1
5671,1
5672,1
5673,0
5674,0
5675,1
5676,0
5677,1
5678,0
5679,1
5680,0
5681,0
5682,0
5683,1
5684,0
5685,0
5686,0
5687,1
5688,0
5689,0
5690,1
5691,0
5692,0
5693,0
5694,0
5695,1
5696,1
5697,1
5698,0
5699,1
5700,0
5701,1
5702,0
5703,0
5704,1
5705,1
5706,0
5707,0
5708,0
5709,0
5710,1
5711,1
5712,0
5713,0
5714,0
5715,1
5716,1
5717,0
5718,1
5719,0
5720,1
5721,1
5722,1
5723,0
5724,1
5725,1
5726,0
5727,1
5728,1
5729,1
5730,1
5731,0
5732,1
5733,0
5734,1
5735,1
5736,0
5737,1
5738,0
5739,1
5740,0
5741,1
5742,1
5743,1
5744,0
5745,0
5746,1
5747,1
5748,0
5749,0
5750,0
5751,0
5752,0
5753,0
5754,1
5755,0
5756,0
5757,1
5758,0
5759,0
5760,0
5761,0
5762,0
5763,0
5764,0
5765,1
5766,1
5767,0
5768,1
5769,1
5770,0
5771,0
5772,0
5773,1
5774,1
5775,0
5776,0
5777,1
5778,1
5779,0
5780,0
5781,1
5782,0
5783,1
5784,0
5785,1
5786,0
5787,1
5788,0
5789,1
5790,0
5791,0
5792,1
5793,1
5794,1
5795,1
5796,0
5797,0
5798,0
5799,1
5800,0
5801,0
5802,1
5803,1
5804,0
5805,0
5806,0
5807,1
5808,0
5809,1
5810,1
5811,1
5812,1
5813,1
5814,0
5815,0
5816,0
5817,1
5818,0
5819,1
5820,0
5821,1
5822,1
5823,0
5824,1
5825,1
5826,0
5827,0
5828,0
5829,0
5830,0
5831,0
5832,1
5833,0
5834,1
5835,1
5836,0
5837,0
5838,1
5839,0
5840,0
5841,1
5842,1
5843,0
5844,1
5845,0
5846,1
5847,1
5848,1
5849,0
5850,1
5851,0
5852,1
5853,0
5854,0
5855,1
5856,0
5857,1
5858,1
5859,1
5860,1
5861,0
5862,0
5863,0
5864,0
5865,0
5866,1
5867,0
5868,1
5869,1
5870,0
5871,0
5872,1
5873,0
5874,0
5875,1
5876,0
5877,0
5878,1
5879,1
5880,1
5881,0
5882,1
5883,0
5884,0
5885,0
5886,0
5887,1
5888,1
5889,1
5890,0
5891,0
5892,0
5893,0
5894,0
5895,0
5896,1
5897,0
5898,1
5899,1
5900,0
5901,0
5902,0
5903,0
5904,0
5905,0
5906,1
5907,0
5908,1
5909,1
5910,0
5911,0
5912,0
5913,1
5914,1
5915,0
5916,1
5917,0
5918,0
5919,0
5920,0
5921,0
5922,0
5923,0
5924,0
5925,1
5926,1
5927,0
5928,0
5929,1
5930,0
5931,1
5932,0
5933,0
5934,1
5935,1
5936,1
5937,0
5938,0
5939,0
5940,1
5941,0
5942,1
5943,1
5944,1
5945,0
5946,0
5947,1
5948,1
5949,0
5950,0
5951,0
5952,1
5953,0
5954,0
5955,0
5956,1
5957,1
5958,0
5959,0
5960,1
5961,0
5962,1
5963,1
5964,0
5965,0
5966,1
5967,0
5968,0
5969,0
5970,1
5971,1
5972,0
5973,0
5974,1
5975,0
5976,1
5977,0
5978,1
5979,0
5980,0
5981,1
5982,0
5983,0
5984,0
5985,0
5986,1
5987,1
5988,1
5989,0
5990,1
5991,0
5992,1
5993,1
5994,0
5995,1
5996,0
5997,1
5998,1
5999,0
6000,0
6001,1
6002,1
6003,1
6004,1
6005,0
6006,0
6007,0
6008,0
6009,0
6010,1
6011,0
6012,1
6013,0
6014,1
6015,1
6016,1
6017,0
6018,0
6019,1
6020,0
6021,0
6022,0
6023,0
6024,1
6025,1
6026,1
6027,1
6028,1
6029,1
6030,1
6031,0
6032,0
6033,1
6034,0
6035,1
6036,1
6037,1
6038,1
6039,0
6040,0
6041,1
6042,0
6043,0
6044,1
6045,1
6046,1
6047,1
6048,1
6049,0
6050,0
6051,1
6052,1
6053,1
6054,1
6055,1
6056,0
6057,1
6058,0
6059,1
6060,0
6061,1
6062,0
6063,1
6064,1
6065,1
6066,1
6067,0
6068,1
6069,0
6070,0
6071,1
6072,0
6073,1
6074,1
6075,0
6076,1
6077,0
6078,0
6079,0
6080,1
6081,0
6082,0
6083,0
6084,1
6085,0
6086,1
6087,0
6088,1
6089,1
6090,1
6091,1
6092,0
6093,1
6094,1
6095,1
6096,0
6097,0
6098,1
6099,0
6100,1
6101,1
6102,1
6103,0
6104,0
6105,0
6106,1
6107,1
6108,0
6109,1
6110,0
6111,0
6112,0
6113,1
6114,0
6115,1
6116,1
6117,1
6118,0
6119,1
6120,1
6121,0
6122,0
6123,1
6124,1
6125,0
6126,0
6127,0
6128,1
6129,0
6130,0
6131,1
6132,0
6133,0
6134,1
6135,1
6136,1
6137,0
6138,0
6139,0
6140,0
6141,0
6142,1
6143,0
6144,1
6145,1
6146,1
6147,1
6148,0
6149,1
6150,0
6151,1
6152,0
6153,1
6154,1
6155,1
6156,0
6157,1
6158,0
6159,1
6160,1
6161,1
6162,0
6163,0
6164,1
6165,0
6166,0
6167,0
6168,0
6169,1
6170,0
6171,0
6172,0
6173,0
6174,1
6175,1
6176,0
6177,1
6178,0
6179,1
6180,0
6181,0
6182,0
6183,0
6184,0
6185,1
6186,0
6187,0
6188,1
6189,0
6190,1
6191,0
6192,1
6193,0
6194,0
6195,0
6196,1
6197,0
6198,0
6199,1
6200,0
6201,1
6202,1
6203,0
6204,1
6205,1
6206,0
6207,1
6208,0
6209,1
6210,1
6211,1
6212,0
6213,1
6214,0
6215,1
6216,1
6217,1
6218,0
6219,0
6220,0
6221,1
6222,0
6223,0
6224,0
6225,0
6226,1
6227,1
6228,1
6229,0
6230,1
6231,1
6232,1
6233,1
6234,1
6235,0
6236,1
6237,0
6238,0
6239,0
6240,0
6241,0
6242,0
6243,1
6244,0
6245,0
6246,0
6247,0
6248,1
6249,0
6250,0
6251,0
6252,0
6253,1
6254,0
6255,0
6256,0
6257,1
6258,0
6259,0
6260,0
6261,0
6262,0
6263,1
6264,0
6265,1
6266,0
6267,0
6268,1
6269,0
6270,1
6271,1
6272,1
6273,1
6274,0
6275,0
6276,0
6277,1
6278,0
6279,0
6280,1
6281,0
6282,1
6283,0
6284,0
6285,1
6286,1
6287,0
6288,1
6289,1
6290,0
6291,1
6292,1
6293,1
6294,0
6295,0
6296,1
6297,1
6298,0
6299,1
6300,0
6301,1
6302,1
6303,0
6304,1
6305,0
6306,1
6307,0
6308,1
6309,0
6310,0
6311,1
6312,1
6313,1
6314,1
6315,0
6316,0
6317,1
6318,0
6319,1
6320,0
6321,0
6322,1
6323,0
6324,1
6325,1
6326,0
6327,1
6328,0
6329,0
6330,1
6331,0
6332,0
6333,0
6334,1
6335,1
6336,0
6337,1
6338,0
6339,0
6340,1
6341,0
6342,1
6343,1
6344,1
6345,0
6346,1
6347,0
6348,1
6349,0
6350,1
6351,0
6352,0
6353,0
6354,1
6355,0
6356,1
6357,0
6358,0
6359,1
6360,1
6361,0
6362,0
6363,0
6364,1
6365,1
6366,1
6367,0
6368,0
6369,0
6370,1
6371,0
6372,1
6373,0
6374,0
6375,0
6376,1
6377,0
6378,0
6379,1
6380,0
6381,0
6382,0
6383,1
6384,1
6385,1
6386,1
6387,1
6388,0
6389,1
6390,1
6391,0
6392,1
6393,0
6394,1
6395,1
6396,1
6397,1
6398,1
6399,1
6400,1
6401,1
6402,0
6403,1
6404,1
6405,1
6406,1
6407,1
6408,0
6409,0
6410,0
6411,0
6412,0
6413,1
6414,1
6415,1
6416,0
6417,1
6418,0
6419,0
6420,0
6421,1
6422,0
6423,1
6424,1
6425,1
6426,1
6427,1
6428,0
6429,0
6430,0
6431,1
6432,1
6433,1
6434,1
6435,0
6436,1
6437,0
6438,0
6439,0
6440,0
6441,0
6442,0
6443,1
6444,0
6445,1
6446,1
6447,0
6448,0
6449,0
6450,0
6451,1
6452,1
6453,0
6454,1
6455,0
6456,0
6457,0
6458,1
6459,0
6460,0
6461,0
6462,1
6463,1
6464,0
6465,0
6466,0
6467,1
6468,1
6469,0
6470,1
6471,0
6472,1
6473,0
6474,0
6475,1
6476,0
6477,1
6478,0
6479,0
6480,0
6481,0
6482,0
6483,0
6484,1
6485,1
6486,0
6487,1
6488,0
6489,0
6490,1
6491,0
6492,0
6493,1
6494,1
6495,0
6496,0
6497,1
6498,0
6499,1
6500,0
6501,0
6502,0
6503,0
6504,1
6505,1
6506,1
6507,0
6508,0
6509,0
6510,0
6511,0
6512,1
6513,1
6514,0
6515,1
6516,1
6517,0
6518,0
6519,0
6520,0
6521,0
6522,0
6523,1
6524,1
6525,0
6526,0
6527,0
6528,0
6529,0
6530,0
6531,0
6532,1
6533,0
6534,1
6535,0
6536,0
6537,0
6538,0
6539,0
6540,0
6541,1
6542,1
6543,0
6544,1
6545,1
6546,1
6547,1
6548,0
6549,1
6550,0
6551,0
6552,0
6553,0
6554,0
6555,0
6556,0
6557,1
6558,0
6559,1
6560,1
6561,1
6562,1
6563,1
6564,0
6565,0
6566,0
6567,0
6568,1
6569,1
6570,0
6571,0
6572,0
6573,0
6574,0
6575,1
6576,0
6577,0
6578,1
6579,0
6580,0
6581,1
6582,0
6583,0
6584,1
6585,1
6586,0
6587,1
6588,1
6589,0
6590,1
6591,0
6592,1
6593,1
6594,1
6595,0
6596,1
6597,0
6598,0
6599,1
6600,1
6601,0
6602,0
6603,1
6604,0
6605,1
6606,0
6607,1
6608,1
6609,0
6610,1
6611,0
6612,0
6613,1
6614,1
6615,1
6616,1
6617,1
6618,0
6619,1
6620,0
6621,0
6622,1
6623,0
6624,1
6625,0
6626,1
6627,0
6628,0
6629,1
6630,0
6631,0
6632,1
6633,1
6634,0
6635,0
6636,0
6637,1
6638,1
6639,0
6640,1
6641,1
6642,1
6643,1
6644,1
6645,0
6646,0
6647,1
6648,1
6649,1
6650,0
6651,1
6652,0
6653,0
6654,0
6655,1
6656,0
6657,0
6658,1
6659,1
6660,0
6661,1
6662,0
6663,1
6664,1
6665,1
6666,1
6667,1
6668,0
6669,0
6670,0
6671,0
6672,0
6673,0
6674,0
6675,0
6676,0
6677,0
6678,0
6679,0
6680,0
6681,1
6682,0
6683,0
6684,1
6685,1
6686,1
6687,0
6688,0
6689,1
6690,0
6691,0
6692,0
6693,0
6694,0
6695,1
6696,1
6697,0
6698,0
6699,1
6700,1
6701,0
6702,1
6703,1
6704,0
6705,0
6706,0
6707,1
6708,1
6709,0
6710,0
6711,0
6712,1
6713,1
6714,0
6715,0
6716,1
6717,0
6718,0
6719,1
6720,1
6721,1
6722,1
6723,1
6724,1
6725,1
6726,1
6727,1
6728,1
6729,1
6730,1
6731,1
6732,1
6733,1
6734,0
6735,0
6736,0
6737,1
6738,0
6739,0
6740,1
6741,1
6742,0
6743,0
6744,0
6745,1
6746,0
6747,0
6748,0
6749,0
6750,1
6751,0
6752,1
6753,0
6754,0
6755,0
6756,1
6757,1
6758,0
6759,0
6760,0
6761,0
6762,1
6763,1
6764,0
6765,1
6766,1
6767,1
6768,1
6769,1
6770,0
6771,0
6772,0
6773,1
6774,1
6775,0
6776,0
6777,0
6778,0
6779,1
6780,1
6781,0
6782,0
6783,1
6784,0
6785,0
6786,0
6787,0
6788,0
6789,1
6790,0
6791,0
6792,1
6793,1
6794,0
6795,1
6796,0
6797,0
6798,0
6799,0
6800,0
6801,0
6802,0
6803,1
6804,0
6805,0
6806,1
6807,0
6808,0
6809,0
6810,1
6811,1
6812,0
6813,0
6814,0
6815,0
6816,1
6817,0
6818,0
6819,0
6820,1
6821,1
6822,0
6823,0
6824,1
6825,0
6826,1
6827,1
6828,0
6829,1
6830,0
6831,1
6832,1
6833,0
6834,1
6835,1
6836,1
6837,0
6838,1
6839,0
6840,1
6841,0
6842,1
6843,1
6844,0
6845,1
6846,1
6847,1
6848,0
6849,0
6850,1
6851,1
6852,0
6853,0
6854,1
6855,0
6856,0
6857,1
6858,0
6859,0
6860,1
6861,1
6862,1
6863,1
6864,0
6865,0
6866,1
6867,0
6868,1
6869,0
6870,1
6871,0
6872,0
6873,0
6874,1
6875,1
6876,0
6877,1
6878,1
6879,0
6880,1
6881,0
6882,0
6883,1
6884,0
6885,0
6886,0
6887,0
6888,1
6889,1
6890,0
6891,1
6892,1
6893,1
6894,1
6895,1
6896,1
6897,1
6898,1
6899,0
6900,1
6901,0
6902,0
6903,0
6904,0
6905,0
6906,0
6907,1
6908,1
6909,0
6910,1
6911,1
6912,0
6913,0
6914,0
6915,1
6916,0
6917,0
6918,0
6919,1
6920,1
6921,1
6922,0
6923,1
6924,0
6925,1
6926,1
6927,0
6928,1
6929,0
6930,1
6931,1
6932,0
6933,0
6934,0
6935,0
6936,0
6937,1
6938,0
6939,0
6940,0
6941,1
6942,1
6943,1
6944,0
6945,0
6946,0
6947,1
6948,1
6949,1
6950,0
6951,0
6952,1
6953,0
6954,0
6955,1
6956,1
6957,0
6958,0
6959,0
6960,1
6961,1
6962,0
6963,0
6964,0
6965,0
6966,0
6967,1
6968,1
6969,1
6970,1
6971,0
6972,0
6973,0
6974,1
6975,1
6976,0
6977,1
6978,0
6979,0
6980,0
6981,0
6982,0
6983,1
6984,0
6985,1
6986,0
6987,1
6988,0
6989,0
6990,0
6991,0
6992,1
6993,1
6994,0
6995,1
6996,0
6997,0
6998,1
6999,0
7000,1
7001,0
7002,1
7003,0
7004,1
7005,0
7006,0
7007,1
7008,0
7009,1
7010,0
7011,1
7012,0
7013,0
7014,1
7015,1
7016,1
7017,1
7018,0
7019,0
7020,0
7021,1
7022,0
7023,1
7024,1
7025,1
7026,0
7027,0
7028,0
7029,1
7030,1
7031,0
7032,1
7033,1
7034,1
7035,1
7036,1
7037,0
7038,0
7039,0
7040,1
7041,0
7042,1
7043,0
7044,0
7045,1
7046,0
7047,1
7048,1
7049,1
7050,0
7051,0
7052,0
7053,1
7054,0
7055,1
7056,1
7057,0
7058,1
7059,0
7060,1
7061,1
7062,1
7063,1
7064,0
7065,1
7066,1
7067,1
7068,1
7069,1
7070,0
7071,0
7072,0
7073,0
7074,0
7075,0
7076,0
7077,0
7078,0
7079,0
7080,0
7081,1
7082,1
7083,1
7084,1
7085,0
7086,1
7087,1
7088,1
7089,1
7090,0
7091,0
7092,1
7093,0
7094,1
7095,0
7096,1
7097,0
7098,0
7099,0
7100,0
7101,1
7102,1
7103,0
7104,0
7105,0
7106,0
7107,0
7108,1
7109,1
7110,0
7111,1
7112,0
7113,0
7114,0
7115,1
7116,0
7117,0
7118,0
7119,1
7120,0
7121,0
7122,1
7123,1
7124,1
7125,0
7126,1
7127,1
7128,0
7129,0
7130,0
7131,1
7132,1
7133,0
7134,0
7135,0
7136,0
7137,0
7138,0
7139,1
7140,1
7141,0
7142,1
7143,1
7144,0
7145,0
7146,1
7147,1
7148,1
7149,0
7150,0
7151,1
7152,1
7153,0
7154,0
7155,1
7156,0
7157,1
7158,0
7159,0
7160,0
7161,1
7162,1
7163,0
7164,0
7165,1
7166,0
7167,1
7168,1
7169,1
7170,1
7171,1
7172,1
7173,1
7174,1
7175,1
7176,0
7177,1
7178,0
7179,1
7180,0
7181,0
7182,0
7183,1
7184,0
7185,0
7186,1
7187,1
7188,1
7189,1
7190,0
7191,1
7192,0
7193,0
7194,0
7195,0
7196,0
7197,0
7198,0
7199,1
7200,1
7201,0
7202,1
7203,1
7204,1
7205,1
7206,0
7207,1
7208,1
7209,1
7210,0
7211,0
7212,0
7213,0
7214,0
7215,0
7216,0
7217,0
7218,1
7219,0
7220,1
7221,1
7222,0
7223,1
7224,1
7225,1
7226,1
7227,1
7228,0
7229,0
7230,0
7231,0
7232,0
7233,1
7234,0
7235,0
7236,0
7237,0
7238,1
7239,0
7240,1
7241,0
7242,0
7243,1
7244,0
7245,0
7246,0
7247,0
7248,1
7249,1
7250,0
7251,1
7252,0
7253,0
7254,1
7255,0
7256,1
7257,0
7258,0
7259,0
7260,0
7261,1
7262,1
7263,0
7264,0
7265,1
7266,0
7267,0
7268,1
7269,1
7270,0
7271,0
7272,1
7273,0
7274,0
7275,0
7276,0
7277,0
7278,1
7279,1
7280,1
7281,0
7282,1
7283,1
7284,0
7285,1
7286,0
7287,0
7288,0
7289,1
7290,0
7291,0
7292,1
7293,0
7294,1
7295,1
7296,0
7297,0
7298,1
7299,1
7300,0
7301,1
7302,1
7303,0
7304,1
7305,1
7306,0
7307,0
7308,0
7309,1
7310,0
7311,1
7312,0
7313,1
7314,1
7315,0
7316,0
7317,0
7318,0
7319,1
7320,0
7321,0
7322,0
7323,0
7324,0
7325,0
7326,0
7327,1
7328,1
7329,0
7330,1
7331,0
7332,0
7333,1
7334,0
7335,0
7336,1
7337,0
7338,0
7339,0
7340,0
7341,0
7342,1
7343,0
7344,1
7345,0
7346,0
7347,1
7348,1
7349,1
7350,1
7351,0
7352,0
7353,0
7354,1
7355,1
7356,0
7357,1
7358,1
7359,0
7360,0
7361,1
7362,1
7363,0
7364,1
7365,0
7366,0
7367,0
7368,0
7369,0
7370,1
7371,1
7372,1
7373,0
7374,0
7375,1
7376,0
7377,1
7378,1
7379,1
7380,1
7381,0
7382,0
7383,1
7384,1
7385,0
7386,0
7387,1
7388,0
7389,0
7390,1
7391,0
7392,0
7393,1
7394,1
7395,0
7396,1
7397,1
7398,1
7399,0
7400,0
7401,0
7402,0
7403,1
7404,0
7405,1
7406,1
7407,1
7408,1
7409,1
7410,0
7411,1
7412,1
7413,0
7414,1
7415,1
7416,1
7417,1
7418,1
7419,1
7420,1
7421,0
7422,1
7423,0
7424,0
7425,1
7426,0
7427,0
7428,0
7429,1
7430,1
7431,1
7432,1
7433,0
7434,0
7435,1
7436,0
7437,1
7438,1
7439,1
7440,0
7441,0
7442,0
7443,0
7444,0
7445,0
7446,0
7447,1
7448,0
7449,0
7450,0
7451,1
7452,1
7453,0
7454,0
7455,0
7456,0
7457,1
7458,0
7459,0
7460,1
7461,0
7462,1
7463,0
7464,0
7465,0
7466,0
7467,0
7468,1
7469,0
7470,0
7471,1
7472,0
7473,0
7474,0
7475,0
7476,0
7477,1
7478,1
7479,0
7480,1
7481,1
7482,0
7483,0
7484,0
7485,0
7486,0
7487,0
7488,1
7489,1
7490,0
7491,0
7492,0
7493,0
7494,0
7495,0
7496,0
7497,1
7498,0
7499,0
7500,1
7501,1
7502,0
7503,1
7504,1
7505,0
7506,1
7507,1
7508,0
7509,1
7510,1
7511,0
7512,1
7513,1
7514,1
7515,0
7516,0
7517,1
7518,0
7519,0
7520,1
7521,1
7522,1
7523,1
7524,0
7525,1
7526,0
7527,0
7528,0
7529,1
7530,1
7531,1
7532,0
7533,0
7534,1
7535,0
7536,1
7537,1
7538,0
7539,1
7540,1
7541,0
7542,1
7543,1
7544,1
7545,1
7546,1
7547,1
7548,1
7549,0
7550,0
7551,0
7552,0
7553,0
7554,0
7555,1
7556,0
7557,0
7558,1
7559,1
7560,1
7561,0
7562,0
7563,1
7564,1
7565,0
7566,1
7567,1
7568,1
7569,1
7570,1
7571,0
7572,0
7573,1
7574,0
7575,1
7576,0
7577,0
7578,0
7579,1
7580,1
7581,0
7582,1
7583,1
7584,0
7585,1
7586,1
7587,0
7588,0
7589,0
7590,0
7591,1
7592,1
7593,1
7594,0
7595,0
7596,1
7597,1
7598,1
7599,0
7600,1
7601,0
7602,1
7603,0
7604,1
7605,1
7606,1
7607,1
7608,1
7609,1
7610,0
7611,1
7612,0
7613,1
7614,0
7615,0
7616,0
7617,1
7618,0
7619,1
7620,0
7621,1
7622,1
7623,1
7624,1
7625,1
7626,0
7627,1
7628,1
7629,0
7630,1
7631,0
7632,1
7633,0
7634,1
7635,0
7636,0
7637,1
7638,0
7639,1
7640,1
7641,0
7642,1
7643,1
7644,0
7645,0
7646,1
7647,1
7648,0
7649,1
7650,1
7651,1
7652,0
7653,1
7654,1
7655,0
7656,0
7657,1
7658,0
7659,1
7660,1
7661,0
7662,1
7663,0
7664,0
7665,0
7666,0
7667,1
7668,1
7669,0
7670,1
7671,0
7672,1
7673,1
7674,1
7675,1
7676,0
7677,1
7678,1
7679,0
7680,0
7681,1
7682,1
7683,1
7684,0
7685,0
7686,0
7687,0
7688,0
7689,0
7690,0
7691,1
7692,0
7693,0
7694,0
7695,1
7696,0
7697,1
7698,0
7699,1
7700,1
7701,0
7702,0
7703,0
7704,0
7705,1
7706,0
7707,0
7708,1
7709,0
7710,1
7711,1
7712,0
7713,1
7714,0
7715,1
7716,0
7717,0
7718,1
7719,0
7720,1
7721,0
7722,1
7723,1
7724,0
7725,0
7726,0
7727,0
7728,0
7729,0
7730,1
7731,1
7732,1
7733,0
7734,0
7735,0
7736,1
7737,0
7738,1
7739,1
7740,0
7741,1
7742,0
7743,1
7744,0
7745,1
7746,0
7747,1
7748,0
7749,1
7750,1
7751,1
7752,0
7753,1
7754,0
7755,1
7756,1
7757,1
7758,1
7759,0
7760,1
7761,1
7762,0
7763,1
7764,1
7765,1
7766,0
7767,0
7768,1
7769,0
7770,1
7771,0
7772,1
7773,1
7774,1
7775,0
7776,0
7777,0
7778,1
7779,1
7780,0
7781,1
7782,1
7783,0
7784,0
7785,1
7786,1
7787,1
7788,1
7789,1
7790,0
7791,0
7792,0
7793,1
7794,0
7795,0
7796,1
7797,0
7798,1
7799,0
7800,1
7801,0
7802,0
7803,0
7804,0
7805,0
7806,0
7807,0
7808,0
7809,1
7810,0
7811,1
7812,1
7813,0
7814,1
7815,1
7816,0
7817,1
7818,0
7819,0
7820,1
7821,1
7822,0
7823,0
7824,1
7825,0
7826,0
7827,1
7828,0
7829,0
7830,0
7831,1
7832,1
7833,1
7834,1
7835,1
7836,1
7837,1
7838,1
7839,0
7840,1
7841,0
7842,1
7843,0
7844,0
7845,1
7846,1
7847,0
7848,1
7849,1
7850,1
7851,0
7852,0
7853,1
7854,1
7855,1
7856,1
7857,1
7858,1
7859,0
7860,0
7861,1
7862,0
7863,1
7864,0
7865,0
7866,1
7867,1
7868,1
7869,0
7870,0
7871,1
7872,1
7873,1
7874,1
7875,0
7876,1
7877,1
7878,1
7879,0
7880,1
7881,0
7882,0
7883,1
7884,1
7885,1
7886,1
7887,0
7888,1
7889,0
7890,1
7891,1
7892,1
7893,0
7894,1
7895,0
7896,1
7897,0
7898,1
7899,1
7900,0
7901,1
7902,1
7903,1
7904,0
7905,0
7906,0
7907,1
7908,1
7909,0
7910,1
7911,0
7912,0
7913,1
7914,1
7915,0
7916,1
7917,0
7918,0
7919,1
7920,0
7921,0
7922,1
7923,0
7924,1
7925,1
7926,1
7927,1
7928,0
7929,0
7930,1
7931,1
7932,1
7933,1
7934,1
7935,0
7936,0
7937,0
7938,1
7939,1
7940,0
7941,1
7942,1
7943,0
7944,0
7945,1
7946,1
7947,0
7948,0
7949,1
7950,1
7951,0
7952,1
7953,0
7954,1
7955,1
7956,1
7957,0
7958,0
7959,0
7960,1
7961,0
7962,0
7963,0
7964,0
7965,0
7966,1
7967,0
7968,0
7969,1
7970,1
7971,0
7972,1
7973,1
7974,1
7975,1
7976,1
7977,1
7978,0
7979,0
7980,0
7981,0
7982,0
7983,1
7984,1
7985,1
7986,0
7987,1
7988,0
7989,1
7990,0
7991,0
7992,1
7993,1
7994,1
7995,1
7996,0
7997,0
7998,1
7999,0
8000,0
8001,0
8002,1
8003,1
8004,1
8005,1
8006,1
8007,1
8008,0
8009,0
8010,1
8011,1
8012,0
8013,0
8014,1
8015,0
8016,1
8017,1
8018,1
8019,1
8020,0
8021,0
8022,1
8023,1
8024,1
8025,0
8026,0
8027,1
8028,0
8029,0
8030,1
8031,0
8032,0
8033,0
8034,1
8035,0
8036,0
8037,0
8038,1
8039,0
8040,0
8041,0
8042,1
8043,1
8044,0
8045,1
8046,1
8047,0
8048,0
8049,1
8050,1
8051,0
8052,0
8053,0
8054,0
8055,0
8056,1
8057,1
8058,0
8059,1
8060,1
8061,1
8062,1
8063,0
8064,0
8065,0
8066,1
8067,0
8068,1
8069,1
8070,1
8071,1
8072,1
8073,1
8074,1
8075,0
8076,1
8077,1
8078,0
8079,1
8080,0
8081,1
8082,1
8083,1
8084,1
8085,1
8086,0
8087,0
8088,0
8089,1
8090,0
8091,0
8092,0
8093,0
8094,1
8095,0
8096,0
8097,1
8098,1
8099,1
8100,1
8101,0
8102,0
8103,0
8104,1
8105,1
8106,0
8107,0
8108,1
8109,0
8110,1
8111,1
8112,0
8113,0
8114,0
8115,1
8116,1
8117,1
8118,0
8119,0
8120,0
8121,1
8122,0
8123,1
8124,0
8125,0
8126,0
8127,0
8128,1
8129,0
8130,0
8131,1
8132,1
8133,0
8134,1
8135,0
8136,0
8137,0
8138,1
8139,0
8140,0
8141,1
8142,0
8143,0
8144,1
8145,0
8146,1
8147,0
8148,0
8149,0
8150,1
8151,1
8152,0
8153,0
8154,1
8155,1
8156,0
8157,1
8158,0
8159,0
8160,0
8161,0
8162,0
8163,1
8164,0
8165,1
8166,1
8167,0
8168,1
8169,0
8170,0
8171,1
8172,1
8173,0
8174,0
8175,1
8176,1
8177,1
8178,1
8179,1
8180,0
8181,1
8182,1
8183,1
8184,1
8185,0
8186,0
8187,0
8188,1
8189,1
8190,1
8191,1
8192,1
8193,1
8194,0
8195,1
8196,0
8197,0
8198,1
8199,0
8200,1
8201,0
8202,0
8203,1
8204,1
8205,1
8206,0
8207,1
8208,0
8209,0
8210,1
8211,0
8212,0
8213,1
8214,1
8215,1
8216,0
8217,1
8218,0
8219,0
8220,0
8221,1
8222,0
8223,1
8224,0
8225,0
8226,0
8227,1
8228,1
8229,1
8230,1
8231,0
8232,0
8233,1
8234,1
8235,0
8236,1
8237,1
8238,1
8239,1
8240,1
8241,1
8242,1
8243,0
8244,1
8245,1
8246,0
8247,0
8248,1
8249,0
8250,1
8251,1
8252,1
8253,1
8254,0
8255,1
8256,1
8257,1
8258,0
8259,0
8260,0
8261,0
8262,1
8263,0
8264,1
8265,1
8266,1
8267,0
8268,0
8269,1
8270,1
8271,1
8272,1
8273,1
8274,0
8275,0
8276,1
8277,1
8278,1
8279,0
8280,0
8281,1
8282,1
8283,0
8284,0
8285,0
8286,1
8287,1
8288,1
8289,1
8290,1
8291,0
8292,1
8293,1
8294,1
8295,0
8296,0
8297,1
8298,1
8299,1
8300,0
8301,1
8302,1
8303,0
8304,1
8305,1
8306,0
8307,1
8308,1
8309,1
8310,1
8311,0
8312,1
8313,0
8314,0
8315,0
8316,1
8317,1
8318,0
8319,1
8320,1
8321,1
8322,1
8323,0
8324,1
8325,0
8326,1
8327,1
8328,1
8329,0
8330,0
8331,1
8332,1
8333,1
8334,1
8335,0
8336,1
8337,1
8338,0
8339,1
8340,0
8341,1
8342,1
8343,0
8344,0
8345,1
8346,0
8347,1
8348,0
8349,0
8350,0
8351,0
8352,0
8353,0
8354,1
8355,1
8356,1
8357,0
8358,0
8359,0
8360,0
8361,0
8362,0
8363,1
8364,0
8365,0
8366,0
8367,0
8368,1
8369,1
8370,1
8371,0
8372,0
8373,0
8374,0
8375,1
8376,0
8377,0
8378,0
8379,0
8380,1
8381,1
8382,0
8383,1
8384,1
8385,1
8386,1
8387,1
8388,1
8389,0
8390,0
8391,0
8392,1
8393,1
8394,0
8395,1
8396,0
8397,1
8398,1
8399,0
8400,1
8401,1
8402,1
8403,1
8404,0
8405,0
8406,1
8407,0
8408,0
8409,0
8410,1
8411,0
8412,0
8413,1
8414,0
8415,1
8416,1
8417,1
8418,1
8419,1
8420,0
8421,0
8422,0
8423,0
8424,1
8425,1
8426,0
8427,0
8428,1
8429,1
8430,0
8431,0
8432,0
8433,1
8434,1
8435,0
8436,1
8437,0
8438,0
8439,0
8440,0
8441,1
8442,0
8443,0
8444,1
8445,0
8446,0
8447,0
8448,1
8449,0
8450,0
8451,1
8452,1
8453,0
8454,1
8455,1
8456,1
8457,1
8458,1
8459,0
8460,0
8461,1
8462,1
8463,0
8464,0
8465,1
8466,0
8467,1
8468,1
8469,0
8470,1
8471,0
8472,1
8473,0
8474,0
8475,0
8476,0
8477,0
8478,0
8479,0
8480,1
8481,1
8482,1
8483,0
8484,1
8485,0
8486,1
8487,1
8488,1
8489,0
8490,1
8491,0
8492,0
8493,1
8494,1
8495,1
8496,0
8497,0
8498,1
8499,1
8500,0
8501,0
8502,1
8503,1
8504,0
8505,1
8506,1
8507,1
8508,1
8509,1
8510,0
8511,0
8512,1
8513,1
8514,1
8515,0
8516,0
8517,0
8518,1
8519,0
8520,0
8521,0
8522,1
8523,0
8524,1
8525,0
8526,0
8527,1
8528,1
8529,0
8530,1
8531,1
8532,0
8533,1
8534,0
8535,1
8536,1
8537,0
8538,1
8539,0
8540,1
8541,1
8542,1
8543,0
8544,0
8545,1
8546,1
8547,1
8548,0
8549,1
8550,0
8551,0
8552,1
8553,0
8554,1
8555,0
8556,1
8557,1
8558,1
8559,1
8560,0
8561,1
8562,1
8563,1
8564,1
8565,0
8566,1
8567,1
8568,1
8569,1
8570,1
8571,0
8572,1
8573,0
8574,1
8575,0
8576,0
8577,0
8578,0
8579,0
8580,1
8581,1
8582,0
8583,1
8584,1
8585,0
8586,1
8587,1
8588,0
8589,0
8590,1
8591,0
8592,0
8593,1
8594,0
8595,1
8596,0
8597,1
8598,0
8599,1
8600,0
8601,0
8602,1
8603,1
8604,1
8605,1
8606,0
8607,1
8608,0
8609,1
8610,0
8611,1
8612,1
8613,1
8614,0
8615,0
8616,1
8617,0
8618,1
8619,0
8620,0
8621,1
8622,1
8623,0
8624,1
8625,1
8626,0
8627,0
8628,1
8629,1
8630,0
8631,1
8632,0
8633,0
8634,1
8635,1
8636,1
8637,0
8638,0
8639,0
8640,0
8641,1
8642,1
8643,0
8644,0
8645,0
8646,1
8647,1
8648,0
8649,1
8650,0
8651,0
8652,0
8653,0
8654,1
8655,1
8656,0
8657,0
8658,0
8659,0
8660,1
8661,1
8662,0
8663,1
8664,1
8665,1
8666,1
8667,1
8668,1
8669,1
8670,1
8671,1
8672,1
8673,0
8674,1
8675,1
8676,0
8677,1
8678,0
8679,0
8680,0
8681,0
8682,1
8683,1
8684,0
8685,0
8686,0
8687,0
8688,1
8689,0
8690,1
8691,0
8692,1
8693,0
8694,1
8695,0
8696,1
8697,1
8698,0
8699,1
8700,1
8701,0
8702,0
8703,0
8704,0
8705,1
8706,0
8707,1
8708,1
8709,1
8710,0
8711,1
8712,0
8713,0
8714,0
8715,1
8716,1
8717,0
8718,0
8719,0
8720,0
8721,0
8722,0
8723,1
8724,1
8725,0
8726,0
8727,1
8728,1
8729,1
8730,0
8731,0
8732,1
8733,0
8734,0
8735,1
8736,1
8737,0
8738,1
8739,1
8740,0
8741,1
8742,1
8743,1
8744,1
8745,0
8746,0
8747,0
8748,1
8749,1
8750,1
8751,0
8752,1
8753,1
8754,0
8755,1
8756,0
8757,0
8758,0
8759,1
8760,1
8761,1
8762,0
8763,0
8764,1
8765,0
8766,0
8767,1
8768,1
8769,0
8770,0
8771,1
8772,0
8773,0
8774,1
8775,1
8776,1
8777,0
8778,0
8779,0
8780,1
8781,0
8782,1
8783,0
8784,0
8785,1
8786,1
8787,1
8788,1
8789,1
8790,1
8791,0
8792,0
8793,1
8794,1
8795,1
8796,1
8797,0
8798,0
8799,1
8800,0
8801,1
8802,1
8803,1
8804,0
8805,1
8806,1
8807,1
8808,1
8809,1
8810,0
8811,0
8812,0
8813,0
8814,1
8815,0
8816,0
8817,1
8818,1
8819,0
8820,0
8821,1
8822,0
8823,1
8824,0
8825,1
8826,1
8827,0
8828,0
8829,1
8830,0
8831,1
8832,0
8833,0
8834,0
8835,0
8836,1
8837,0
8838,0
8839,0
8840,0
8841,0
8842,0
8843,0
8844,1
8845,1
8846,1
8847,1
8848,1
8849,0
8850,1
8851,0
8852,1
8853,0
8854,0
8855,0
8856,1
8857,0
8858,1
8859,0
8860,0
8861,1
8862,0
8863,0
8864,0
8865,0
8866,0
8867,0
8868,0
8869,0
8870,1
8871,0
8872,1
8873,1
8874,1
8875,0
8876,1
8877,0
8878,0
8879,0
8880,1
8881,1
8882,1
8883,1
8884,1
8885,1
8886,0
8887,0
8888,0
8889,0
8890,0
8891,0
8892,0
8893,0
8894,0
8895,0
8896,0
8897,0
8898,0
8899,1
8900,0
8901,0
8902,0
8903,1
8904,0
8905,1
8906,0
8907,0
8908,0
8909,0
8910,1
8911,1
8912,0
8913,1
8914,0
8915,1
8916,1
8917,0
8918,1
8919,0
8920,0
8921,1
8922,1
8923,0
8924,0
8925,0
8926,0
8927,0
8928,0
8929,0
8930,0
8931,1
8932,0
8933,0
8934,0
8935,0
8936,1
8937,1
8938,1
8939,1
8940,0
8941,0
8942,1
8943,1
8944,1
8945,0
8946,1
8947,0
8948,1
8949,0
8950,1
8951,1
8952,1
8953,0
8954,1
8955,1
8956,1
8957,0
8958,1
8959,1
8960,0
8961,1
8962,0
8963,1
8964,0
8965,1
8966,1
8967,1
8968,1
8969,1
8970,1
8971,0
8972,0
8973,1
8974,1
8975,1
8976,1
8977,1
8978,1
8979,1
8980,1
8981,1
8982,1
8983,0
8984,0
8985,1
8986,1
8987,0
8988,1
8989,1
8990,1
8991,0
8992,1
8993,1
8994,0
8995,0
8996,1
8997,0
8998,0
8999,0
9000,1
9001,0
9002,0
9003,1
9004,0
9005,1
9006,0
9007,1
9008,0
9009,0
9010,0
9011,0
9012,0
9013,1
9014,0
9015,0
9016,0
9017,1
9018,1
9019,0
9020,0
9021,0
9022,0
9023,0
9024,1
9025,0
9026,1
9027,1
9028,1
9029,0
9030,0
9031,0
9032,0
9033,0
9034,0
9035,1
9036,1
9037,0
9038,0
9039,1
9040,0
9041,0
9042,0
9043,1
9044,1
9045,0
9046,0
9047,1
9048,1
9049,0
9050,0
9051,0
9052,1
9053,0
9054,0
9055,1
9056,0
9057,0
9058,0
9059,0
9060,1
9061,1
9062,1
9063,0
9064,0
9065,0
9066,0
9067,1
9068,0
9069,0
9070,1
9071,1
9072,1
9073,0
9074,1
9075,0
9076,0
9077,0
9078,0
9079,0
9080,1
9081,1
9082,1
9083,0
9084,0
9085,0
9086,0
9087,0
9088,0
9089,1
9090,1
9091,0
9092,1
9093,0
9094,0
9095,0
9096,1
9097,1
9098,1
9099,0
9100,1
9101,1
9102,1
9103,1
9104,1
9105,1
9106,0
9107,0
9108,0
9109,0
9110,1
9111,1
9112,0
9113,1
9114,0
9115,1
9116,1
9117,1
9118,0
9119,1
9120,1
9121,1
9122,1
9123,0
9124,0
9125,0
9126,0
9127,0
9128,0
9129,1
9130,1
9131,1
9132,1
9133,1
9134,1
9135,0
9136,1
9137,0
9138,0
9139,1
9140,0
9141,1
9142,1
9143,1
9144,0
9145,1
9146,0
9147,0
9148,1
9149,0
9150,0
9151,0
9152,1
9153,1
9154,1
9155,0
9156,1
9157,1
9158,0
9159,1
9160,1
9161,0
9162,0
9163,0
9164,1
9165,0
9166,0
9167,0
9168,0
9169,1
9170,0
9171,0
9172,0
9173,1
9174,0
9175,0
9176,0
9177,1
9178,0
9179,0
9180,1
9181,0
9182,1
9183,1
9184,1
9185,0
9186,1
9187,1
9188,0
9189,1
9190,1
9191,1
9192,1
9193,1
9194,1
9195,1
9196,0
9197,0
9198,0
9199,0
9200,0
9201,0
9202,0
9203,1
9204,1
9205,0
9206,0
9207,0
9208,1
9209,0
9210,0
9211,1
9212,1
9213,0
9214,1
9215,0
9216,1
9217,1
9218,1
9219,0
9220,0
9221,0
9222,1
9223,1
9224,0
9225,1
9226,0
9227,0
9228,0
9229,0
9230,0
9231,0
9232,1
9233,1
9234,0
9235,1
9236,0
9237,0
9238,0
9239,1
9240,0
9241,1
9242,1
9243,0
9244,0
9245,0
9246,0
9247,1
9248,0
9249,1
9250,0
9251,1
9252,0
9253,1
9254,0
9255,0
9256,1
9257,0
9258,1
9259,0
9260,0
9261,1
9262,1
9263,1
9264,0
9265,1
9266,0
9267,0
9268,1
9269,1
9270,0
9271,0
9272,1
9273,1
9274,0
9275,0
9276,0
9277,0
9278,1
9279,1
9280,0
9281,1
9282,0
9283,1
9284,1
9285,0
9286,1
9287,0
9288,1
9289,0
9290,0
9291,0
9292,0
9293,1
9294,0
9295,1
9296,0
9297,1
9298,1
9299,0
9300,0
9301,0
9302,1
9303,0
9304,1
9305,0
9306,0
9307,0
9308,0
9309,1
9310,0
9311,0
9312,1
9313,0
9314,1
9315,1
9316,0
9317,0
9318,1
9319,1
9320,0
9321,1
9322,1
9323,0
9324,0
9325,0
9326,1
9327,1
9328,1
9329,0
9330,1
9331,0
9332,1
9333,1
9334,0
9335,1
9336,0
9337,1
9338,1
9339,1
9340,1
9341,1
9342,0
9343,0
9344,1
9345,1
9346,0
9347,1
9348,0
9349,1
9350,1
9351,1
9352,1
9353,0
9354,1
9355,1
9356,0
9357,0
9358,0
9359,1
9360,0
9361,0
9362,1
9363,0
9364,0
9365,0
9366,1
9367,0
9368,1
9369,0
9370,0
9371,0
9372,0
9373,1
9374,0
9375,1
9376,1
9377,1
9378,1
9379,1
9380,1
9381,1
9382,0
9383,1
9384,0
9385,0
9386,0
9387,0
9388,1
9389,1
9390,1
9391,0
9392,0
9393,1
9394,1
9395,0
9396,0
9397,1
9398,0
9399,1
9400,0
9401,1
9402,0
9403,1
9404,0
9405,1
9406,0
9407,0
9408,0
9409,0
9410,1
9411,0
9412,0
9413,1
9414,1
9415,0
9416,0
9417,1
9418,1
9419,1
9420,0
9421,0
9422,1
9423,1
9424,1
9425,1
9426,0
9427,1
9428,1
9429,1
9430,0
9431,1
9432,1
9433,0
9434,0
9435,1
9436,1
9437,0
9438,0
9439,0
9440,1
9441,1
9442,1
9443,1
9444,0
9445,0
9446,1
9447,1
9448,1
9449,0
9450,1
9451,1
9452,0
9453,1
9454,0
9455,0
9456,1
9457,0
9458,1
9459,0
9460,1
9461,1
9462,1
9463,0
9464,0
9465,0
9466,0
9467,0
9468,0
9469,1
9470,1
9471,0
9472,0
9473,1
9474,0
9475,0
9476,0
9477,1
9478,1
9479,1
9480,0
9481,1
9482,1
9483,0
9484,1
9485,1
9486,0
9487,1
9488,1
9489,0
9490,1
9491,1
9492,1
9493,1
9494,0
9495,0
9496,1
9497,0
9498,0
9499,1
9500,0
9501,1
9502,1
9503,0
9504,0
9505,1
9506,0
9507,0
9508,0
9509,0
9510,0
9511,1
9512,0
9513,0
9514,0
9515,1
9516,1
9517,1
9518,0
9519,0
9520,0
9521,1
9522,0
9523,0
9524,0
9525,0
9526,0
9527,0
9528,0
9529,1
9530,0
9531,0
9532,0
9533,1
9534,0
9535,0
9536,1
9537,0
9538,1
9539,1
9540,0
9541,0
9542,0
9543,1
9544,1
9545,1
9546,1
9547,0
9548,1
9549,1
9550,1
9551,0
9552,0
9553,1
9554,0
9555,0
9556,1
9557,1
9558,1
9559,0
9560,0
9561,0
9562,1
9563,1
9564,1
9565,0
9566,0
9567,1
9568,1
9569,0
9570,0
9571,1
9572,0
9573,0
9574,0
9575,1
9576,1
9577,1
9578,1
9579,0
9580,0
9581,1
9582,1
9583,0
9584,0
9585,1
9586,1
9587,1
9588,0
9589,0
9590,1
9591,1
9592,0
9593,0
9594,1
9595,0
9596,0
9597,1
9598,1
9599,1
9600,0
9601,0
9602,0
9603,1
9604,0
9605,1
9606,0
9607,1
9608,1
9609,0
9610,0
9611,0
9612,1
9613,0
9614,1
9615,1
9616,1
9617,0
9618,0
9619,0
9620,1
9621,1
9622,0
9623,1
9624,0
9625,0
9626,0
9627,0
9628,1
9629,1
9630,1
9631,0
9632,0
9633,0
9634,1
9635,1
9636,0
9637,1
9638,1
9639,0
9640,1
9641,0
9642,0
9643,1
9644,0
9645,1
9646,0
9647,1
9648,0
9649,1
9650,1
9651,1
9652,0
9653,1
9654,1
9655,0
9656,0
9657,1
9658,0
9659,0
9660,0
9661,0
9662,0
9663,0
9664,1
9665,0
9666,0
9667,0
9668,0
9669,0
9670,0
9671,1
9672,1
9673,0
9674,1
9675,0
9676,0
9677,1
9678,0
9679,0
9680,0
9681,0
9682,0
9683,0
9684,1
9685,1
9686,1
9687,0
9688,1
9689,1
9690,0
9691,1
9692,1
9693,1
9694,1
9695,1
9696,1
9697,1
9698,0
9699,1
9700,0
9701,0
9702,0
9703,1
9704,0
9705,1
9706,1
9707,1
9708,0
9709,1
9710,0
9711,0
9712,1
9713,1
9714,0
9715,0
9716,0
9717,1
9718,0
9719,0
9720,0
9721,0
9722,1
9723,0
9724,0
9725,0
9726,0
9727,0
9728,0
9729,0
9730,1
9731,1
9732,0
9733,1
9734,1
9735,1
9736,0
9737,1
9738,1
9739,1
9740,0
9741,1
9742,1
9743,0
9744,1
9745,0
9746,1
9747,1
9748,1
9749,1
9750,0
9751,0
9752,1
9753,0
9754,0
9755,0
9756,1
9757,1
9758,0
9759,1
9760,0
9761,1
9762,1
9763,1
9764,1
9765,0
9766,1
9767,1
9768,1
9769,1
9770,0
9771,1
9772,1
9773,0
9774,0
9775,1
9776,1
9777,0
9778,0
9779,0
9780,0
9781,1
9782,0
9783,0
9784,1
9785,1
9786,1
9787,1
9788,0
9789,1
9790,1
9791,0
9792,0
9793,1
9794,1
9795,1
9796,0
9797,1
9798,0
9799,1
9800,1
9801,1
9802,0
9803,1
9804,0
9805,0
9806,1
9807,1
9808,0
9809,1
9810,1
9811,0
9812,0
9813,1
9814,1
9815,0
9816,0
9817,0
9818,1
9819,0
9820,0
9821,0
9822,1
9823,1
9824,0
9825,0
9826,0
9827,0
9828,0
9829,0
9830,1
9831,0
9832,0
9833,0
9834,1
9835,0
9836,0
9837,0
9838,1
9839,1
9840,0
9841,0
9842,1
9843,1
9844,1
9845,1
9846,0
9847,1
9848,0
9849,1
9850,1
9851,1
9852,0
9853,1
9854,0
9855,0
9856,0
9857,0
9858,1
9859,0
9860,0
9861,0
9862,1
9863,0
9864,1
9865,0
9866,0
9867,1
9868,1
9869,0
9870,0
9871,1
9872,1
9873,0
9874,1
9875,1
9876,0
9877,0
9878,0
9879,1
9880,1
9881,1
9882,0
9883,0
9884,1
9885,0
9886,1
9887,0
9888,0
9889,0
9890,0
9891,1
9892,0
9893,1
9894,0
9895,0
9896,1
9897,1
9898,1
9899,1
9900,1
9901,1
9902,0
9903,0
9904,0
9905,1
9906,0
9907,0
9908,0
9909,1
9910,0
9911,1
9912,1
9913,1
9914,0
9915,1
9916,0
9917,0
9918,0
9919,1
9920,0
9921,0
9922,1
9923,0
9924,0
9925,0
9926,0
9927,0
9928,1
9929,1
9930,0
9931,1
9932,1
9933,0
9934,1
9935,0
9936,0
9937,1
9938,1
9939,1
9940,1
9941,0
9942,0
9943,0
9944,0
9945,1
9946,1
9947,1
9948,1
9949,0
9950,1
9951,0
9952,0
9953,1
9954,0
9955,0
9956,0
9957,1
9958,1
9959,1
9960,1
9961,1
9962,0
9963,0
9964,1
9965,0
9966,0
9967,0
9968,0
9969,0
9970,1
9971,0
9972,0
9973,1
9974,0
9975,0
9976,1
9977,0
9978,0
9979,1
9980,0
9981,0
9982,0
9983,0
9984,1
9985,0
9986,0
9987,0
9988,0
9989,0
9990,0
9991,0
9992,0
9993,0
9994,0
9995,1
9996,1
9997,0
9998,0
9999,1
10000,1
10001,1
10002,0
10003,0
10004,0
10005,1
10006,1
10007,0
10008,1
10009,1
10010,0
10011,0
10012,1
10013,1
10014,0
10015,0
10016,1
10017,1
10018,0
10019,1
10020,0
10021,0
10022,0
10023,1
10024,0
10025,1
10026,1
10027,1
10028,0
10029,1
10030,0
10031,0
10032,0
10033,1
10034,0
10035,1
10036,0
10037,0
10038,1
10039,1
10040,0
10041,0
10042,0
10043,1
10044,1
10045,1
10046,1
10047,0
10048,0
10049,0
10050,1
10051,0
10052,0
10053,0
10054,0
10055,1
10056,0
10057,0
10058,1
10059,1
10060,0
10061,1
10062,0
10063,0
10064,1
10065,1
10066,0
10067,1
10068,0
10069,1
10070,1
10071,1
10072,0
10073,1
10074,1
10075,1
10076,0
10077,0
10078,1
10079,0
10080,0
10081,1
10082,0
10083,0
10084,1
10085,1
10086,1
10087,0
10088,0
10089,1
10090,0
10091,0
10092,1
10093,1
10094,1
10095,0
10096,1
10097,0
10098,0
10099,0
10100,1
10101,1
10102,1
10103,1
10104,0
10105,0
10106,1
10107,0
10108,1
10109,0
10110,1
10111,0
10112,1
10113,1
10114,1
10115,1
10116,1
10117,1
10118,1
10119,0
10120,1
10121,1
10122,1
10123,0
10124,0
10125,1
10126,1
10127,1
10128,1
10129,0
10130,0
10131,0
10132,1
10133,1
10134,0
10135,1
10136,0
10137,0
10138,0
10139,1
10140,1
10141,0
10142,0
10143,0
10144,0
10145,0
10146,0
10147,0
10148,1
10149,1
10150,1
10151,1
10152,0
10153,1
10154,0
10155,0
10156,0
10157,1
10158,0
10159,0
10160,0
10161,0
10162,1
10163,1
10164,0
10165,1
10166,0
10167,1
10168,1
10169,0
10170,1
10171,0
10172,1
10173,0
10174,1
10175,1
10176,1
10177,0
10178,0
10179,1
10180,0
10181,1
10182,0
10183,0
10184,1
10185,0
10186,1
10187,0
10188,1
10189,1
10190,0
10191,0
10192,0
10193,0
10194,0
10195,0
10196,0
10197,1
10198,0
10199,1
10200,1
10201,1
10202,1
10203,0
10204,0
10205,1
10206,1
10207,0
10208,0
10209,0
10210,0
10211,0
10212,1
10213,0
10214,0
10215,0
10216,1
10217,0
10218,0
10219,1
10220,0
10221,0
10222,0
10223,0
10224,1
10225,1
10226,0
10227,0
10228,0
10229,0
10230,1
10231,1
10232,1
10233,1
10234,0
10235,1
10236,0
10237,0
10238,0
10239,0
10240,0
10241,1
10242,0
10243,0
10244,0
10245,1
10246,0
10247,1
10248,1
10249,0
10250,1
10251,0
10252,0
10253,1
10254,0
10255,1
10256,1
10257,1
10258,1
10259,0
10260,1
10261,0
10262,0
10263,0
10264,0
10265,0
10266,1
10267,0
10268,0
10269,1
10270,0
10271,0
10272,0
10273,0
10274,0
10275,0
10276,0
10277,0
10278,1
10279,0
10280,1
10281,1
10282,0
10283,0
10284,0
10285,1
10286,1
10287,1
10288,1
10289,1
10290,0
10291,0
10292,0
10293,0
10294,0
10295,1
10296,0
10297,0
10298,1
10299,1
10300,1
10301,0
10302,1
10303,0
10304,0
10305,0
10306,1
10307,1
10308,1
10309,1
10310,1
10311,1
10312,1
10313,0
10314,0
10315,1
10316,0
10317,1
10318,0
10319,0
10320,0
10321,1
10322,1
10323,0
10324,0
10325,0
10326,0
10327,0
10328,1
10329,0
10330,1
10331,1
10332,0
10333,1
10334,0
10335,1
10336,0
10337,0
10338,1
10339,0
10340,0
10341,0
10342,1
10343,0
10344,0
10345,0
10346,1
10347,0
10348,1
10349,1
10350,1
10351,0
10352,0
10353,0
10354,0
10355,1
10356,1
10357,1
10358,0
10359,1
10360,1
10361,1
10362,0
10363,0
10364,0
10365,0
10366,0
10367,0
10368,0
10369,1
10370,0
10371,0
10372,1
10373,0
10374,1
10375,1
10376,0
10377,0
10378,1
10379,1
10380,1
10381,1
10382,1
10383,0
10384,1
10385,0
10386,1
10387,1
10388,1
10389,1
10390,0
10391,1
10392,1
10393,1
10394,0
10395,0
10396,0
10397,1
10398,1
10399,0
10400,1
10401,0
10402,1
10403,0
10404,0
10405,0
10406,1
10407,1
10408,0
10409,0
10410,1
10411,1
10412,1
10413,0
10414,1
10415,0
10416,1
10417,1
10418,0
10419,0
10420,0
10421,1
10422,0
10423,1
10424,0
10425,1
10426,1
10427,1
10428,0
10429,0
10430,0
10431,0
10432,0
10433,0
10434,0
10435,0
10436,1
10437,1
10438,0
10439,1
10440,0
10441,0
10442,0
10443,1
10444,0
10445,0
10446,1
10447,1
10448,0
10449,0
10450,0
10451,0
10452,0
10453,1
10454,1
10455,1
10456,0
10457,0
10458,0
10459,0
10460,1
10461,0
10462,1
10463,1
10464,1
10465,1
10466,0
10467,0
10468,0
10469,0
10470,1
10471,1
10472,1
10473,0
10474,0
10475,1
10476,1
10477,1
10478,0
10479,1
10480,1
10481,0
10482,1
10483,0
10484,0
10485,1
10486,0
10487,0
10488,0
10489,1
10490,0
10491,0
10492,0
10493,0
10494,1
10495,0
10496,0
10497,1
10498,1
10499,1
10500,0
10501,0
10502,0
10503,0
10504,0
10505,0
10506,0
10507,1
10508,0
10509,0
10510,1
10511,0
10512,1
10513,1
10514,0
10515,0
10516,0
10517,1
10518,1
10519,1
10520,0
10521,0
10522,0
10523,0
10524,0
10525,0
10526,0
10527,0
10528,0
10529,0
10530,1
10531,0
10532,1
10533,0
10534,0
10535,1
10536,0
10537,1
10538,0
10539,0
10540,0
10541,1
10542,1
10543,1
10544,1
10545,0
10546,0
10547,1
10548,0
10549,0
10550,0
10551,1
10552,1
10553,0
10554,1
10555,0
10556,1
10557,0
10558,0
10559,0
10560,0
10561,0
10562,0
10563,1
10564,0
10565,0
10566,1
10567,1
10568,1
10569,0
10570,0
10571,0
10572,1
10573,1
10574,0
10575,0
10576,1
10577,0
10578,0
10579,1
10580,1
10581,0
10582,0
10583,0
10584,0
10585,0
10586,0
10587,0
10588,1
10589,0
10590,0
10591,0
10592,1
10593,1
10594,0
10595,0
10596,0
10597,0
10598,0
10599,1
10600,1
10601,1
10602,1
10603,1
10604,1
10605,1
10606,0
10607,1
10608,0
10609,1
10610,0
10611,1
10612,1
10613,1
10614,0
10615,1
10616,1
10617,1
10618,1
10619,0
10620,0
10621,1
10622,0
10623,1
10624,0
10625,1
10626,0
10627,0
10628,0
10629,0
10630,0
10631,0
10632,1
10633,1
10634,1
10635,0
10636,0
10637,0
10638,0
10639,1
10640,0
10641,0
10642,0
10643,0
10644,0
10645,1
10646,1
10647,0
10648,0
10649,1
10650,0
10651,0
10652,1
10653,0
10654,0
10655,0
10656,1
10657,0
10658,0
10659,0
10660,1
10661,1
10662,0
10663,0
10664,1
10665,1
10666,1
10667,0
10668,0
10669,1
10670,1
10671,0
10672,1
10673,0
10674,0
10675,0
10676,1
10677,1
10678,1
10679,0
10680,0
10681,1
10682,1
10683,1
10684,0
10685,0
10686,1
10687,1
10688,0
10689,0
10690,1
10691,1
10692,0
10693,0
10694,1
10695,1
10696,1
10697,1
10698,0
10699,1
10700,0
10701,1
10702,0
10703,1
10704,1
10705,1
10706,0
10707,0
10708,0
10709,0
10710,0
10711,0
10712,1
10713,0
10714,1
10715,1
10716,0
10717,1
10718,0
10719,0
10720,0
10721,0
10722,0
10723,1
10724,1
10725,0
10726,0
10727,1
10728,1
10729,1
10730,0
10731,0
10732,0
10733,0
10734,0
10735,1
10736,0
10737,0
10738,0
10739,0
10740,1
10741,0
10742,0
10743,0
10744,0
10745,1
10746,0
10747,1
10748,0
10749,1
10750,0
10751,0
10752,0
10753,0
10754,0
10755,0
10756,1
10757,1
10758,0
10759,0
10760,0
10761,0
10762,1
10763,0
10764,0
10765,0
10766,0
10767,1
10768,1
10769,1
10770,1
10771,0
10772,0
10773,0
10774,0
10775,1
10776,0
10777,0
10778,1
10779,1
10780,1
10781,1
10782,1
10783,1
10784,1
10785,1
10786,0
10787,1
10788,0
10789,0
10790,0
10791,0
10792,1
10793,0
10794,1
10795,0
10796,0
10797,1
10798,0
10799,0
10800,0
10801,1
10802,0
10803,1
10804,0
10805,0
10806,0
10807,1
10808,0
10809,1
10810,0
10811,1
10812,0
10813,0
10814,1
10815,0
10816,1
10817,0
10818,0
10819,1
10820,1
10821,0
10822,0
10823,1
10824,0
10825,0
10826,0
10827,1
10828,0
10829,0
10830,1
10831,0
10832,1
10833,1
10834,0
10835,1
10836,1
10837,1
10838,0
10839,0
10840,0
10841,0
10842,0
10843,0
10844,1
10845,1
10846,0
10847,1
10848,1
10849,1
10850,1
10851,1
10852,0
10853,0
10854,0
10855,0
10856,1
10857,0
10858,0
10859,0
10860,1
10861,0
10862,1
10863,0
10864,0
10865,1
10866,1
10867,1
10868,0
10869,1
10870,1
10871,0
10872,0
10873,0
10874,0
10875,0
10876,1
10877,0
10878,0
10879,0
10880,0
10881,1
10882,0
10883,1
10884,1
10885,0
10886,0
10887,1
10888,0
10889,0
10890,1
10891,1
10892,1
10893,1
10894,1
10895,0
10896,1
10897,1
10898,1
10899,0
10900,1
10901,0
10902,0
10903,0
10904,1
10905,0
10906,1
10907,0
10908,1
10909,0
10910,0
10911,0
10912,1
10913,1
10914,1
10915,1
10916,0
10917,0
10918,0
10919,1
10920,0
10921,1
10922,1
10923,1
10924,0
10925,1
10926,0
10927,0
10928,1
10929,1
10930,0
10931,0
10932,1
10933,1
10934,0
10935,0
10936,1
10937,1
10938,0
10939,1
10940,0
10941,1
10942,1
10943,1
10944,0
10945,0
10946,0
10947,0
10948,1
10949,1
10950,0
10951,1
10952,0
10953,0
10954,1
10955,1
10956,1
10957,0
10958,1
10959,0
10960,0
10961,1
10962,1
10963,1
10964,1
10965,1
10966,0
10967,0
10968,1
10969,1
10970,0
10971,1
10972,1
10973,0
10974,0
10975,0
10976,1
10977,1
10978,1
10979,1
10980,1
10981,0
10982,0
10983,1
10984,1
10985,0
10986,1
10987,0
10988,0
10989,1
10990,1
10991,0
10992,0
10993,1
10994,1
10995,1
10996,1
10997,1
10998,0
10999,0
11000,0
11001,1
11002,0
11003,0
11004,1
11005,1
11006,0
11007,0
11008,1
11009,1
11010,1
11011,1
11012,1
11013,1
11014,0
11015,1
11016,1
11017,1
11018,1
11019,0
11020,1
11021,0
11022,1
11023,0
11024,0
11025,0
11026,1
11027,1
11028,0
11029,0
11030,1
11031,1
11032,1
11033,0
11034,0
11035,0
11036,0
11037,0
11038,1
11039,0
11040,1
11041,0
11042,1
11043,1
11044,0
11045,1
11046,0
11047,0
11048,0
11049,1
11050,0
11051,1
11052,0
11053,0
11054,1
11055,1
11056,1
11057,1
11058,1
11059,1
11060,0
11061,0
11062,1
11063,0
11064,1
11065,1
11066,0
11067,0
11068,0
11069,0
11070,1
11071,0
11072,0
11073,0
11074,1
11075,1
11076,1
11077,0
11078,1
11079,0
11080,1
11081,0
11082,0
11083,0
11084,1
11085,0
11086,0
11087,0
11088,1
11089,0
11090,0
11091,1
11092,0
11093,0
11094,0
11095,1
11096,0
11097,0
11098,1
11099,0
11100,1
11101,1
11102,0
11103,0
11104,1
11105,1
11106,0
11107,0
11108,0
11109,1
11110,0
11111,0
11112,1
11113,1
11114,1
11115,1
11116,0
11117,0
11118,0
11119,0
11120,1
11121,0
11122,0
11123,0
11124,1
11125,1
11126,1
11127,1
11128,0
11129,0
11130,1
11131,0
11132,1
11133,1
11134,1
11135,0
11136,1
11137,1
11138,1
11139,0
11140,1
11141,0
11142,1
11143,1
11144,1
11145,1
11146,1
11147,0
11148,1
11149,0
11150,0
11151,1
11152,1
11153,0
11154,1
11155,1
11156,0
11157,0
11158,1
11159,1
11160,1
11161,1
11162,1
11163,0
11164,1
11165,1
11166,1
11167,0
11168,0
11169,1
11170,1
11171,1
11172,0
11173,0
11174,0
11175,0
11176,0
11177,0
11178,0
11179,0
11180,0
11181,0
11182,0
11183,0
11184,1
11185,1
11186,0
11187,1
11188,1
11189,0
11190,0
11191,1
11192,0
11193,1
11194,1
11195,0
11196,1
11197,0
11198,0
11199,0
11200,0
11201,1
11202,1
11203,1
11204,1
11205,1
11206,0
11207,1
11208,1
11209,1
11210,0
11211,1
11212,1
11213,0
11214,0
11215,1
11216,0
11217,0
11218,0
11219,1
11220,1
11221,0
11222,0
11223,1
11224,1
11225,0
11226,1
11227,0
11228,1
11229,1
11230,0
11231,1
11232,0
11233,0
11234,1
11235,0
11236,1
11237,1
11238,0
11239,1
11240,0
11241,1
11242,1
11243,1
11244,1
11245,0
11246,1
11247,0
11248,1
11249,1
11250,1
11251,1
11252,1
11253,1
11254,0
11255,1
11256,1
11257,1
11258,0
11259,1
11260,0
11261,1
11262,0
11263,0
11264,0
11265,1
11266,1
11267,1
11268,0
11269,1
11270,0
11271,1
11272,1
11273,1
11274,0
11275,0
11276,1
11277,1
11278,0
11279,1
11280,0
11281,0
11282,0
11283,1
11284,1
11285,0
11286,1
11287,1
11288,1
11289,1
11290,0
11291,0
11292,1
11293,0
11294,1
11295,1
11296,1
11297,0
11298,1
11299,1
11300,0
11301,0
11302,1
11303,1
11304,0
11305,1
11306,0
11307,1
11308,0
11309,0
11310,0
11311,0
11312,1
11313,0
11314,0
11315,0
11316,1
11317,0
11318,0
11319,1
11320,0
11321,0
11322,1
11323,0
11324,0
11325,1
11326,1
11327,1
11328,0
11329,0
11330,1
11331,0
11332,1
11333,1
11334,1
11335,0
11336,1
11337,0
11338,0
11339,1
11340,0
11341,0
11342,0
11343,0
11344,1
11345,1
11346,0
11347,0
11348,0
11349,0
11350,1
11351,1
11352,0
11353,0
11354,0
11355,0
11356,0
11357,1
11358,1
11359,1
11360,0
11361,0
11362,0
11363,0
11364,1
11365,0
11366,0
11367,1
11368,0
11369,0
11370,0
11371,1
11372,0
11373,1
11374,0
11375,1
11376,1
11377,1
11378,1
11379,0
11380,0
11381,0
11382,1
11383,0
11384,0
11385,1
11386,1
11387,0
11388,0
11389,1
11390,0
11391,1
11392,0
11393,0
11394,0
11395,1
11396,0
11397,0
11398,1
11399,0
11400,0
11401,1
11402,1
11403,0
11404,1
11405,0
11406,0
11407,0
11408,1
11409,1
11410,0
11411,0
11412,1
11413,1
11414,0
11415,1
11416,0
11417,0
11418,1
11419,0
11420,1
11421,0
11422,1
11423,0
11424,0
11425,1
11426,1
11427,0
11428,1
11429,0
11430,0
11431,0
11432,0
11433,1
11434,1
11435,1
11436,1
11437,0
11438,0
11439,0
11440,1
11441,1
11442,0
11443,1
11444,0
11445,1
11446,1
11447,1
11448,0
11449,0
11450,1
11451,0
11452,1
11453,0
11454,1
11455,0
11456,0
11457,0
11458,0
11459,1
11460,0
11461,0
11462,0
11463,1
11464,1
11465,1
11466,1
11467,0
11468,0
11469,0
11470,0
11471,0
11472,0
11473,1
11474,1
11475,0
11476,1
11477,0
11478,0
11479,0
11480,0
11481,0
11482,0
11483,1
11484,1
11485,0
11486,0
11487,0
11488,0
11489,0
11490,0
11491,0
11492,0
11493,0
11494,1
11495,1
11496,0
11497,1
11498,0
11499,1
11500,1
11501,0
11502,0
11503,0
11504,0
11505,1
11506,1
11507,0
11508,1
11509,0
11510,1
11511,1
11512,1
11513,0
11514,1
11515,1
11516,1
11517,0
11518,0
11519,0
11520,0
11521,1
11522,1
11523,0
11524,0
11525,1
11526,0
11527,1
11528,1
11529,0
11530,1
11531,0
11532,1
11533,0
11534,1
11535,1
11536,0
11537,1
11538,0
11539,1
11540,0
11541,0
11542,0
11543,0
11544,1
11545,1
11546,1
11547,1
11548,1
11549,0
11550,0
11551,0
11552,1
11553,0
11554,0
11555,0
11556,0
11557,1
11558,0
11559,1
11560,0
11561,1
11562,1
11563,0
11564,1
11565,1
11566,1
11567,0
11568,1
11569,1
11570,1
11571,0
11572,0
11573,0
11574,0
11575,1
11576,1
11577,0
11578,0
11579,0
11580,0
11581,1
11582,1
11583,0
11584,0
11585,0
11586,0
11587,0
11588,1
11589,1
11590,0
11591,0
11592,0
11593,0
11594,0
11595,1
11596,1
11597,0
11598,0
11599,1
11600,0
11601,0
11602,0
11603,1
11604,1
11605,0
11606,0
11607,1
11608,0
11609,1
11610,0
11611,1
11612,0
11613,1
11614,1
11615,0
11616,0
11617,0
11618,0
11619,0
11620,1
11621,1
11622,0
11623,1
11624,1
11625,1
11626,0
11627,0
11628,0
11629,0
11630,1
11631,0
11632,1
11633,0
11634,1
11635,0
11636,0
11637,0
11638,0
11639,1
11640,0
11641,0
11642,1
11643,0
11644,0
11645,1
11646,0
11647,0
11648,0
11649,0
11650,1
11651,0
11652,0
11653,1
11654,0
11655,1
11656,0
11657,0
11658,0
11659,1
11660,1
11661,1
11662,1
11663,1
11664,0
11665,0
11666,1
11667,0
11668,1
11669,0
11670,0
11671,0
11672,1
11673,0
11674,0
11675,0
11676,0
11677,0
11678,1
11679,0
11680,0
11681,0
11682,0
11683,1
11684,1
11685,1
11686,1
11687,1
11688,1
11689,0
11690,1
11691,0
11692,0
11693,0
11694,1
11695,0
11696,1
11697,1
11698,1
11699,0
11700,0
11701,0
11702,0
11703,1
11704,1
11705,0
11706,1
11707,1
11708,0
11709,0
11710,0
11711,1
11712,1
11713,0
11714,0
11715,0
11716,0
11717,0
11718,0
11719,0
11720,1
11721,1
11722,1
11723,1
11724,1
11725,1
11726,1
11727,0
11728,1
11729,1
11730,1
11731,0
11732,0
11733,0
11734,0
11735,0
11736,1
11737,1
11738,0
11739,0
11740,1
11741,0
11742,1
11743,0
11744,0
11745,0
11746,1
11747,1
11748,1
11749,0
11750,0
11751,0
11752,0
11753,0
11754,0
11755,0
11756,0
11757,0
11758,1
11759,0
11760,1
11761,1
11762,0
11763,1
11764,1
11765,0
11766,1
11767,0
11768,0
11769,0
11770,0
11771,0
11772,0
11773,0
11774,1
11775,0
11776,1
11777,1
11778,0
11779,1
11780,1
11781,0
11782,0
11783,1
11784,1
11785,0
11786,1
11787,0
11788,1
11789,1
11790,0
11791,1
11792,1
11793,1
11794,1
11795,0
11796,0
11797,1
11798,0
11799,1
11800,0
11801,0
11802,1
11803,0
11804,1
11805,0
11806,0
11807,0
11808,0
11809,1
11810,0
11811,1
11812,1
11813,0
11814,0
11815,1
11816,0
11817,1
11818,1
11819,1
11820,0
11821,0
11822,0
11823,1
11824,1
11825,0
11826,0
11827,1
11828,0
11829,0
11830,1
11831,1
11832,0
11833,1
11834,0
11835,0
11836,1
11837,0
11838,0
11839,0
11840,0
11841,0
11842,1
11843,0
11844,0
11845,1
11846,0
11847,1
11848,1
11849,0
11850,0
11851,0
11852,0
11853,0
11854,1
11855,1
11856,1
11857,1
11858,0
11859,1
11860,1
11861,0
11862,0
11863,1
11864,1
11865,0
11866,1
11867,1
11868,0
11869,1
11870,1
11871,1
11872,1
11873,0
11874,0
11875,0
11876,0
11877,1
11878,1
11879,1
11880,1
11881,1
11882,1
11883,0
11884,0
11885,0
11886,0
11887,1
11888,0
11889,0
11890,0
11891,0
11892,0
11893,0
11894,1
11895,0
11896,0
11897,1
11898,1
11899,1
11900,0
11901,0
11902,0
11903,0
11904,0
11905,1
11906,0
11907,0
11908,1
11909,1
11910,1
11911,0
11912,0
11913,0
11914,1
11915,1
11916,0
11917,1
11918,1
11919,0
11920,1
11921,0
11922,1
11923,0
11924,0
11925,1
11926,1
11927,1
11928,0
11929,0
11930,1
11931,1
11932,0
11933,0
11934,0
11935,1
11936,1
11937,1
11938,1
11939,0
11940,1
11941,1
11942,1
11943,1
11944,1
11945,0
11946,0
11947,1
11948,1
11949,1
11950,0
11951,1
11952,1
11953,1
11954,1
11955,0
11956,1
11957,0
11958,0
11959,1
11960,1
11961,0
11962,1
11963,0
11964,1
11965,0
11966,1
11967,1
11968,1
11969,0
11970,0
11971,0
11972,0
11973,0
11974,1
11975,1
11976,0
11977,0
11978,0
11979,0
11980,0
11981,1
11982,0
11983,1
11984,1
11985,0
11986,0
11987,0
11988,1
11989,1
11990,0
11991,0
11992,1
11993,0
11994,0
11995,0
11996,1
11997,0
11998,0
11999,0
12000,0
12001,1
12002,0
12003,1
12004,1
12005,1
12006,0
12007,0
12008,1
12009,1
12010,0
12011,0
12012,0
12013,0
12014,1
12015,0
12016,1
12017,0
12018,1
12019,0
12020,1
12021,1
12022,0
12023,0
12024,1
12025,0
12026,0
12027,1
12028,0
12029,1
12030,0
12031,0
12032,0
12033,0
12034,1
12035,0
12036,1
12037,1
12038,1
12039,1
12040,0
12041,0
12042,0
12043,1
12044,0
12045,1
12046,1
12047,0
12048,1
12049,1
12050,0
12051,1
12052,1
12053,1
12054,1
12055,0
12056,0
12057,0
12058,1
12059,0
12060,1
12061,1
12062,1
12063,0
12064,0
12065,0
12066,0
12067,1
12068,1
12069,1
12070,0
12071,1
12072,0
12073,1
12074,1
12075,1
12076,1
12077,1
12078,1
12079,1
12080,0
12081,1
12082,0
12083,0
12084,1
12085,0
12086,1
12087,1
12088,1
12089,1
12090,0
12091,1
12092,1
12093,0
12094,0
12095,1
12096,1
12097,0
12098,1
12099,0
12100,1
12101,1
12102,0
12103,1
12104,1
12105,1
12106,0
12107,1
12108,1
12109,1
12110,0
12111,1
12112,0
12113,1
12114,0
12115,0
12116,1
12117,0
12118,0
12119,1
12120,0
12121,1
12122,1
12123,1
12124,1
12125,0
12126,0
12127,1
12128,0
12129,0
12130,1
12131,1
12132,0
12133,1
12134,1
12135,1
12136,1
12137,1
12138,1
12139,0
12140,0
12141,1
12142,0
12143,0
12144,0
12145,0
12146,1
12147,1
12148,0
12149,1
12150,0
12151,0
12152,1
12153,1
12154,0
12155,1
12156,1
12157,0
12158,0
12159,1
12160,1
12161,1
12162,1
12163,1
12164,0
12165,0
12166,1
12167,1
12168,0
12169,0
12170,0
12171,1
12172,0
12173,0
12174,0
12175,1
12176,0
12177,0
12178,0
12179,1
12180,1
12181,0
12182,1
12183,0
12184,0
12185,1
12186,0
12187,1
12188,1
12189,0
12190,0
12191,1
12192,0
12193,1
12194,1
12195,0
12196,0
12197,0
12198,1
12199,0
12200,0
12201,1
12202,1
12203,1
12204,1
12205,1
12206,0
12207,1
12208,1
12209,0
12210,0
12211,0
12212,0
12213,1
12214,1
12215,1
12216,0
12217,0
12218,0
12219,0
12220,1
12221,0
12222,1
12223,1
12224,1
12225,0
12226,0
12227,1
12228,1
12229,1
12230,1
12231,1
12232,1
12233,0
12234,0
12235,1
12236,1
12237,0
12238,1
12239,1
12240,0
12241,0
12242,0
12243,1
12244,0
12245,1
12246,0
12247,0
12248,0
12249,1
12250,0
12251,0
12252,1
12253,0
12254,1
12255,0
12256,1
12257,0
12258,1
12259,0
12260,0
12261,1
12262,1
12263,0
12264,1
12265,0
12266,0
12267,1
12268,0
12269,1
12270,0
12271,1
12272,0
12273,1
12274,0
12275,0
12276,1
12277,0
12278,1
12279,1
12280,1
12281,1
12282,1
12283,1
12284,1
12285,0
12286,0
12287,0
12288,1
12289,1
12290,1
12291,0
12292,1
12293,0
12294,1
12295,1
12296,1
12297,1
12298,1
12299,0
12300,1
12301,1
12302,0
12303,0
12304,0
12305,0
12306,0
12307,1
12308,0
12309,0
12310,0
12311,0
12312,0
12313,1
12314,1
12315,1
12316,0
12317,1
12318,0
12319,1
12320,1
12321,0
12322,1
12323,0
12324,0
12325,1
12326,0
12327,1
12328,1
12329,1
12330,0
12331,1
12332,1
12333,1
12334,1
12335,0
12336,1
12337,1
12338,1
12339,0
12340,1
12341,1
12342,1
12343,0
12344,1
12345,1
12346,0
12347,1
12348,1
12349,1
12350,1
12351,1
12352,0
12353,1
12354,1
12355,0
12356,1
12357,0
12358,0
12359,1
12360,0
12361,0
12362,1
12363,0
12364,0
12365,0
12366,1
12367,0
12368,1
12369,0
12370,0
12371,0
12372,1
12373,0
12374,1
12375,0
12376,1
12377,0
12378,0
12379,1
12380,1
12381,0
12382,0
12383,1
12384,1
12385,0
12386,1
12387,1
12388,1
12389,1
12390,1
12391,1
12392,1
12393,1
12394,1
12395,0
12396,1
12397,0
12398,1
12399,0
12400,1
12401,0
12402,1
12403,0
12404,0
12405,0
12406,0
12407,0
12408,0
12409,0
12410,0
12411,1
12412,1
12413,0
12414,0
12415,0
12416,0
12417,1
12418,0
12419,0
12420,1
12421,0
12422,0
12423,1
12424,0
12425,1
12426,0
12427,0
12428,1
12429,1
12430,1
12431,1
12432,1
12433,0
12434,0
12435,1
12436,0
12437,1
12438,1
12439,0
12440,1
12441,0
12442,1
12443,0
12444,1
12445,0
12446,1
12447,1
12448,0
12449,0
12450,0
12451,0
12452,1
12453,1
12454,1
12455,0
12456,1
12457,1
12458,1
12459,0
12460,0
12461,0
12462,0
12463,1
12464,0
12465,0
12466,0
12467,1
12468,1
12469,0
12470,0
12471,1
12472,0
12473,1
12474,0
12475,0
12476,0
12477,0
12478,1
12479,1
12480,0
12481,0
12482,1
12483,1
12484,1
12485,0
12486,1
12487,0
12488,1
12489,1
12490,0
12491,0
12492,1
12493,0
12494,0
12495,1
12496,1
12497,0
12498,0
12499,1
12500,0
12501,1
12502,1
12503,0
12504,1
12505,0
12506,0
12507,0
12508,1
12509,1
12510,0
12511,0
12512,1
12513,1
12514,1
12515,1
12516,0
12517,0
12518,1
12519,1
12520,1
12521,1
12522,0
12523,0
12524,0
12525,0
12526,0
12527,0
12528,0
12529,1
12530,1
12531,1
12532,0
12533,0
12534,0
12535,1
12536,0
12537,1
12538,1
12539,1
12540,0
12541,1
12542,1
12543,1
12544,0
12545,0
12546,1
12547,0
12548,1
12549,0
12550,0
12551,1
12552,1
12553,0
12554,0
12555,1
12556,1
12557,1
12558,1
12559,1
12560,1
12561,1
12562,0
12563,1
12564,0
12565,1
12566,1
12567,1
12568,1
12569,1
12570,0
12571,0
12572,1
12573,1
12574,0
12575,0
12576,0
12577,1
12578,1
12579,1
12580,1
12581,1
12582,1
12583,1
12584,0
12585,1
12586,0
12587,0
12588,0
12589,0
12590,0
12591,0
12592,0
12593,0
12594,1
12595,1
12596,1
12597,0
12598,1
12599,0
12600,1
12601,1
12602,1
12603,0
12604,0
12605,1
12606,0
12607,1
12608,0
12609,0
12610,0
12611,0
12612,1
12613,1
12614,1
12615,0
12616,0
12617,0
12618,1
12619,1
12620,0
12621,1
12622,1
12623,0
12624,1
12625,1
12626,0
12627,1
12628,0
12629,1
12630,1
12631,1
12632,1
12633,0
12634,1
12635,0
12636,0
12637,0
12638,1
12639,0
12640,1
12641,0
12642,0
12643,0
12644,1
12645,0
12646,1
12647,1
12648,1
12649,0
12650,0
12651,0
12652,1
12653,1
12654,1
12655,1
12656,0
12657,0
12658,0
12659,0
12660,1
12661,1
12662,0
12663,0
12664,0
12665,0
12666,0
12667,1
12668,1
12669,0
12670,0
12671,0
12672,0
12673,0
12674,1
12675,1
12676,0
12677,0
12678,1
12679,1
12680,1
12681,1
12682,0
12683,0
12684,0
12685,0
12686,0
12687,1
12688,0
12689,1
12690,1
12691,1
12692,1
12693,0
12694,1
12695,1
12696,1
12697,1
12698,0
12699,1
12700,0
12701,1
12702,1
12703,1
12704,1
12705,1
12706,0
12707,1
12708,0
12709,1
12710,0
12711,0
12712,0
12713,0
12714,1
12715,1
12716,0
12717,0
12718,0
12719,0
12720,1
12721,1
12722,1
12723,1
12724,1
12725,1
12726,0
12727,1
12728,0
12729,0
12730,0
12731,0
12732,0
12733,0
12734,1
12735,0
12736,0
12737,1
12738,0
12739,1
12740,1
12741,1
12742,1
12743,1
12744,1
12745,0
12746,1
12747,0
12748,0
12749,0
12750,0
12751,1
12752,0
12753,0
12754,1
12755,1
12756,0
12757,0
12758,1
12759,0
12760,0
12761,1
12762,1
12763,1
12764,0
12765,0
12766,0
12767,1
12768,1
12769,0
12770,1
12771,0
12772,1
12773,1
12774,0
12775,1
12776,1
12777,1
12778,1
12779,0
12780,0
12781,0
12782,1
12783,0
12784,1
12785,1
12786,0
12787,0
12788,0
12789,1
12790,1
12791,1
12792,1
12793,1
12794,0
12795,0
12796,0
12797,1
12798,0
12799,0
12800,0
12801,0
12802,1
12803,1
12804,1
12805,0
12806,1
12807,0
12808,0
12809,1
12810,0
12811,0
12812,0
12813,0
12814,0
12815,0
12816,1
12817,0
12818,0
12819,1
12820,1
12821,1
12822,0
12823,0
12824,0
12825,0
12826,1
12827,1
12828,0
12829,1
12830,0
12831,1
12832,0
12833,1
12834,1
12835,1
12836,1
12837,0
12838,0
12839,0
12840,0
12841,0
12842,1
12843,0
12844,0
12845,1
12846,0
12847,0
12848,0
12849,0
12850,0
12851,0
12852,0
12853,1
12854,0
12855,1
12856,1
12857,0
12858,0
12859,1
12860,0
12861,1
12862,1
12863,1
12864,1
12865,0
12866,1
12867,1
12868,1
12869,0
12870,0
12871,0
12872,1
12873,0
12874,0
12875,0
12876,1
12877,0
12878,1
12879,1
12880,1
12881,0
12882,0
12883,0
12884,0
12885,0
12886,0
12887,0
12888,0
12889,0
12890,0
12891,0
12892,0
12893,1
12894,0
12895,1
12896,0
12897,1
12898,1
12899,0
12900,0
12901,1
12902,1
12903,1
12904,0
12905,0
12906,1
12907,0
12908,0
12909,0
12910,1
12911,0
12912,0
12913,1
12914,1
12915,1
12916,0
12917,1
12918,0
12919,0
12920,0
12921,0
12922,1
12923,0
12924,0
12925,0
12926,1
12927,0
12928,0
12929,1
12930,0
12931,1
12932,0
12933,0
12934,1
12935,0
12936,1
12937,0
12938,0
12939,0
12940,1
12941,0
12942,0
12943,1
12944,0
12945,0
12946,0
12947,1
12948,0
12949,1
12950,0
12951,0
12952,1
12953,0
12954,1
12955,0
12956,1
12957,1
12958,1
12959,1
12960,0
12961,1
12962,1
12963,1
12964,0
12965,0
12966,0
12967,0
12968,0
12969,0
12970,0
12971,0
12972,1
12973,1
12974,0
12975,0
12976,0
12977,1
12978,1
12979,0
12980,1
12981,0
12982,0
12983,1
12984,1
12985,1
12986,0
12987,1
12988,0
12989,0
12990,1
12991,1
12992,1
12993,0
12994,1
12995,1
12996,0
12997,0
12998,0
12999,0
13000,0
13001,1
13002,1
13003,0
13004,0
13005,1
13006,0
13007,0
13008,0
13009,0
13010,1
13011,1
13012,1
13013,1
13014,1
13015,1
13016,0
13017,0
13018,1
13019,0
13020,0
13021,1
13022,0
13023,1
13024,1
13025,1
13026,0
13027,1
13028,0
13029,0
13030,0
13031,0
13032,0
13033,1
13034,1
13035,1
13036,1
13037,1
13038,0
13039,1
13040,0
13041,0
13042,1
13043,1
13044,1
13045,1
13046,1
13047,0
13048,0
13049,0
13050,1
13051,0
13052,0
13053,1
13054,0
13055,1
13056,0
13057,0
13058,0
13059,1
13060,0
13061,1
13062,0
13063,0
13064,0
13065,1
13066,0
13067,1
13068,0
13069,1
13070,1
13071,1
13072,1
13073,1
13074,1
13075,0
13076,0
13077,1
13078,0
13079,0
13080,1
13081,1
13082,0
13083,0
13084,0
13085,1
13086,1
13087,1
13088,1
13089,1
13090,1
13091,0
13092,1
13093,0
13094,1
13095,1
13096,0
13097,0
13098,1
13099,1
13100,1
13101,1
13102,1
13103,1
13104,1
13105,0
13106,1
13107,0
13108,0
13109,1
13110,1
13111,0
13112,0
13113,1
13114,1
13115,0
13116,1
13117,0
13118,0
13119,0
13120,0
13121,1
13122,1
13123,0
13124,1
13125,0
13126,0
13127,1
13128,0
13129,0
13130,0
13131,0
13132,0
13133,1
13134,0
13135,1
13136,0
13137,0
13138,0
13139,1
13140,0
13141,1
13142,1
13143,1
13144,1
13145,0
13146,1
13147,1
13148,1
13149,0
13150,0
13151,1
13152,1
13153,1
13154,0
13155,1
13156,0
13157,0
13158,0
13159,0
13160,0
13161,0
13162,0
13163,1
13164,0
13165,0
13166,0
13167,1
13168,1
13169,0
13170,0
13171,1
13172,0
13173,1
13174,0
13175,0
13176,1
13177,0
13178,1
13179,1
13180,0
13181,0
13182,1
13183,0
13184,1
13185,1
13186,1
13187,0
13188,0
13189,0
13190,1
13191,1
13192,1
13193,0
13194,1
13195,1
13196,1
13197,0
13198,1
13199,0
13200,1
13201,1
13202,0
13203,0
13204,0
13205,1
13206,0
13207,0
13208,1
13209,0
13210,1
13211,0
13212,0
13213,0
13214,0
13215,0
13216,1
13217,1
13218,0
13219,1
13220,1
13221,1
13222,0
13223,1
13224,0
13225,0
13226,0
13227,0
13228,0
13229,0
13230,0
13231,0
13232,1
13233,0
13234,1
13235,0
13236,0
13237,1
13238,1
13239,0
13240,0
13241,1
13242,0
13243,0
13244,0
13245,0
13246,0
13247,1
13248,1
13249,1
13250,1
13251,1
13252,0
13253,1
13254,1
13255,1
13256,0
13257,1
13258,0
13259,1
13260,1
13261,0
13262,1
13263,1
13264,1
13265,0
13266,1
13267,1
13268,1
13269,1
13270,0
13271,0
13272,1
13273,0
13274,1
13275,1
13276,1
13277,1
13278,0
13279,1
13280,1
13281,0
13282,1
13283,0
13284,1
13285,0
13286,0
13287,1
13288,0
13289,0
13290,0
13291,0
13292,0
13293,0
13294,1
13295,1
13296,1
13297,1
13298,1
13299,1
13300,0
13301,0
13302,1
13303,0
13304,0
13305,1
13306,0
13307,0
13308,0
13309,1
13310,1
13311,0
13312,1
13313,0
13314,0
13315,1
13316,1
13317,0
13318,1
13319,1
13320,0
13321,1
13322,0
13323,1
13324,1
13325,0
13326,0
13327,0
13328,1
13329,1
13330,1
13331,0
13332,1
13333,1
13334,0
13335,1
13336,1
13337,0
13338,1
13339,0
13340,1
13341,1
13342,0
13343,1
13344,0
13345,0
13346,1
13347,1
13348,1
13349,1
13350,0
13351,0
13352,0
13353,1
13354,1
13355,0
13356,1
13357,0
13358,0
13359,0
13360,1
13361,1
13362,0
13363,0
13364,0
13365,0
13366,0
13367,1
13368,1
13369,1
13370,0
13371,0
13372,0
13373,0
13374,1
13375,0
13376,1
13377,1
13378,1
13379,1
13380,1
13381,0
13382,1
13383,0
13384,0
13385,0
13386,0
13387,0
13388,0
13389,1
13390,1
13391,1
13392,1
13393,0
13394,0
13395,1
13396,1
13397,0
13398,0
13399,1
13400,0
13401,1
13402,1
13403,1
13404,0
13405,0
13406,1
13407,1
13408,0
13409,0
13410,1
13411,0
13412,0
13413,1
13414,0
13415,0
13416,0
13417,1
13418,1
13419,1
13420,0
13421,0
13422,0
13423,1
13424,0
13425,1
13426,1
13427,1
13428,0
13429,0
13430,0
13431,0
13432,1
13433,1
13434,1
13435,0
13436,0
13437,1
13438,0
13439,0
13440,0
13441,1
13442,0
13443,0
13444,0
13445,0
13446,0
13447,1
13448,0
13449,0
13450,0
13451,0
13452,0
13453,1
13454,0
13455,1
13456,0
13457,0
13458,1
13459,0
13460,0
13461,1
13462,1
13463,1
13464,0
13465,1
13466,0
13467,1
13468,0
13469,1
13470,0
13471,0
13472,1
13473,1
13474,0
13475,0
13476,0
13477,1
13478,0
13479,0
13480,1
13481,0
13482,0
13483,0
13484,0
13485,1
13486,0
13487,1
13488,1
13489,1
13490,0
13491,0
13492,1
13493,1
13494,0
13495,1
13496,1
13497,0
13498,0
13499,1
13500,0
13501,1
13502,1
13503,1
13504,1
13505,1
13506,0
13507,0
13508,1
13509,0
13510,1
13511,0
13512,0
13513,1
13514,1
13515,0
13516,0
13517,1
13518,1
13519,0
13520,0
13521,0
13522,0
13523,1
13524,1
13525,1
13526,0
13527,1
13528,0
13529,1
13530,0
13531,1
13532,1
13533,1
13534,1
13535,1
13536,0
13537,0
13538,0
13539,0
13540,0
13541,1
13542,0
13543,1
13544,0
13545,0
13546,1
13547,0
13548,1
13549,1
13550,1
13551,0
13552,0
13553,1
13554,1
13555,0
13556,0
13557,0
13558,1
13559,1
13560,0
13561,0
13562,1
13563,1
13564,0
13565,0
13566,0
13567,0
13568,0
13569,1
13570,0
13571,1
13572,0
13573,0
13574,1
13575,0
13576,0
13577,1
13578,1
13579,0
13580,1
13581,0
13582,0
13583,0
13584,1
13585,0
13586,0
13587,0
13588,1
13589,0
13590,0
13591,0
13592,1
13593,0
13594,1
13595,1
13596,0
13597,0
13598,1
13599,0
13600,0
13601,0
13602,0
13603,1
13604,1
13605,0
13606,1
13607,1
13608,1
13609,1
13610,1
13611,0
13612,0
13613,1
13614,1
13615,0
13616,1
13617,0
13618,1
13619,1
13620,0
13621,0
13622,0
13623,0
13624,0
13625,1
13626,0
13627,0
13628,1
13629,1
13630,0
13631,0
13632,0
13633,0
13634,1
13635,0
13636,1
13637,1
13638,0
13639,0
13640,1
13641,1
13642,0
13643,1
13644,1
13645,1
13646,1
13647,0
13648,0
13649,1
13650,1
13651,0
13652,1
13653,1
13654,1
13655,1
13656,0
13657,1
13658,0
13659,0
13660,0
13661,0
13662,1
13663,0
13664,1
13665,1
13666,1
13667,1
13668,1
13669,0
13670,1
13671,0
13672,0
13673,1
13674,0
13675,1
13676,0
13677,1
13678,1
13679,0
13680,0
13681,0
13682,1
13683,1
13684,0
13685,0
13686,0
13687,0
13688,1
13689,1
13690,1
13691,1
13692,0
13693,0
13694,0
13695,1
13696,0
13697,0
13698,0
13699,1
13700,1
13701,0
13702,1
13703,1
13704,1
13705,0
13706,0
13707,1
13708,1
13709,1
13710,1
13711,0
13712,0
13713,0
13714,1
13715,0
13716,0
13717,1
13718,1
13719,1
13720,0
13721,0
13722,0
13723,0
13724,0
13725,0
13726,0
13727,0
13728,1
13729,0
13730,0
13731,1
13732,0
13733,1
13734,0
13735,0
13736,1
13737,1
13738,0
13739,0
13740,0
13741,0
13742,0
13743,1
13744,1
13745,0
13746,0
13747,0
13748,1
13749,0
13750,1
13751,1
13752,1
13753,1
13754,1
13755,1
13756,1
13757,1
13758,0
13759,0
13760,1
13761,1
13762,1
13763,0
13764,0
13765,0
13766,1
13767,1
13768,1
13769,1
13770,0
13771,0
13772,0
13773,1
13774,1
13775,1
13776,0
13777,0
13778,1
13779,1
13780,1
13781,1
13782,0
13783,0
13784,0
13785,0
13786,0
13787,0
13788,0
13789,0
13790,1
13791,0
13792,0
13793,0
13794,0
13795,0
13796,0
13797,0
13798,0
13799,1
13800,1
13801,0
13802,1
13803,0
13804,0
13805,0
13806,0
13807,0
13808,0
13809,0
13810,1
13811,0
13812,0
13813,0
13814,1
13815,1
13816,1
13817,0
13818,0
13819,0
13820,0
13821,1
13822,0
13823,1
13824,1
13825,0
13826,1
13827,0
13828,1
13829,0
13830,1
13831,1
13832,1
13833,0
13834,0
13835,1
13836,1
13837,1
13838,0
13839,1
13840,1
13841,1
13842,1
13843,1
13844,0
13845,1
13846,0
13847,1
13848,1
13849,1
13850,0
13851,1
13852,0
13853,0
13854,1
13855,0
13856,0
13857,0
13858,1
13859,0
13860,1
13861,0
13862,1
13863,0
13864,1
13865,0
13866,0
13867,1
13868,1
13869,1
13870,0
13871,1
13872,0
13873,0
13874,1
13875,0
13876,1
13877,1
13878,0
13879,0
13880,0
13881,1
13882,1
13883,0
13884,0
13885,0
13886,0
13887,1
13888,0
13889,0
13890,1
13891,1
13892,0
13893,1
13894,1
13895,0
13896,0
13897,1
13898,1
13899,0
13900,1
13901,0
13902,0
13903,0
13904,1
13905,1
13906,1
13907,0
13908,0
13909,0
13910,1
13911,0
13912,1
13913,0
13914,1
13915,0
13916,0
13917,1
13918,1
13919,0
13920,0
13921,1
13922,1
13923,1
13924,0
13925,1
13926,0
13927,0
13928,0
13929,1
13930,0
13931,1
13932,1
13933,0
13934,0
13935,0
13936,1
13937,0
13938,1
13939,0
13940,0
13941,1
13942,0
13943,0
13944,1
13945,1
13946,0
13947,1
13948,0
13949,1
13950,0
13951,0
13952,0
13953,0
13954,0
13955,0
13956,1
13957,0
13958,1
13959,0
13960,1
13961,0
13962,0
13963,1
13964,1
13965,0
13966,0
13967,1
13968,1
13969,1
13970,1
13971,1
13972,1
13973,0
13974,0
13975,0
13976,1
13977,0
13978,1
13979,0
13980,0
13981,1
13982,1
13983,1
13984,1
13985,0
13986,1
13987,1
13988,0
13989,0
13990,1
13991,1
13992,1
13993,1
13994,0
13995,0
13996,1
13997,1
13998,0
13999,0
14000,1
14001,0
14002,1
14003,1
14004,0
14005,0
14006,1
14007,0
14008,1
14009,1
14010,1
14011,1
14012,0
14013,0
14014,1
14015,1
14016,1
14017,0
14018,0
14019,1
14020,1
14021,1
14022,1
14023,1
14024,0
14025,1
14026,0
14027,0
14028,0
14029,0
14030,1
14031,1
14032,0
14033,0
14034,1
14035,0
14036,1
14037,0
14038,1
14039,1
14040,1
14041,0
14042,0
14043,0
14044,0
14045,1
14046,1
14047,0
14048,1
14049,0
14050,1
14051,1
14052,0
14053,0
14054,1
14055,0
14056,1
14057,1
14058,0
14059,0
14060,1
14061,1
14062,0
14063,0
14064,0
14065,0
14066,0
14067,0
14068,0
14069,1
14070,0
14071,1
14072,1
14073,0
14074,1
14075,0
14076,0
14077,1
14078,0
14079,1
14080,1
14081,0
14082,1
14083,1
14084,1
14085,0
14086,1
14087,0
14088,1
14089,0
14090,0
14091,1
14092,1
14093,0
14094,0
14095,0
14096,1
14097,0
14098,0
14099,0
14100,0
14101,0
14102,0
14103,1
14104,0
14105,0
14106,1
14107,1
14108,0
14109,0
14110,0
14111,0
14112,1
14113,1
14114,0
14115,1
14116,1
14117,1
14118,1
14119,1
14120,1
14121,1
14122,1
14123,1
14124,0
14125,1
14126,1
14127,0
14128,0
14129,1
14130,1
14131,1
14132,1
14133,1
14134,0
14135,1
14136,0
14137,0
14138,1
14139,1
14140,1
14141,0
14142,0
14143,1
14144,1
14145,0
14146,0
14147,1
14148,1
14149,0
14150,1
14151,1
14152,0
14153,1
14154,1
14155,0
14156,1
14157,1
14158,0
14159,1
14160,0
14161,1
14162,1
14163,1
14164,0
14165,0
14166,0
14167,0
14168,0
14169,0
14170,0
14171,1
14172,1
14173,1
14174,0
14175,0
14176,0
14177,0
14178,1
14179,0
14180,1
14181,0
14182,0
14183,0
14184,0
14185,0
14186,0
14187,0
14188,0
14189,1
14190,0
14191,1
14192,1
14193,1
14194,1
14195,0
14196,1
14197,1
14198,1
14199,1
14200,0
14201,1
14202,1
14203,0
14204,0
14205,0
14206,1
14207,1
14208,0
14209,0
14210,1
14211,1
14212,0
14213,1
14214,0
14215,0
14216,0
14217,1
14218,1
14219,1
14220,1
14221,0
14222,1
14223,1
14224,0
14225,0
14226,1
14227,0
14228,1
14229,1
14230,0
14231,1
14232,1
14233,0
14234,0
14235,1
14236,0
14237,0
14238,1
14239,0
14240,1
14241,1
14242,0
14243,0
14244,0
14245,0
14246,0
14247,0
14248,0
14249,0
14250,0
14251,1
14252,1
14253,1
14254,0
14255,1
14256,0
14257,0
14258,0
14259,0
14260,0
14261,0
14262,1
14263,1
14264,1
14265,0
14266,1
14267,0
14268,0
14269,0
14270,0
14271,1
14272,1
14273,0
14274,0
14275,1
14276,0
14277,0
14278,0
14279,0
14280,1
14281,1
14282,1
14283,0
14284,0
14285,0
14286,1
14287,1
14288,0
14289,1
14290,1
14291,1
14292,0
14293,1
14294,1
14295,1
14296,0
14297,1
14298,0
14299,0
14300,1
14301,1
14302,0
14303,0
14304,1
14305,0
14306,1
14307,1
14308,0
14309,0
14310,0
14311,1
14312,0
14313,1
14314,0
14315,0
14316,1
14317,0
14318,1
14319,0
14320,1
14321,0
14322,0
14323,0
14324,0
14325,1
14326,0
14327,1
14328,1
14329,0
14330,0
14331,0
14332,0
14333,0
14334,0
14335,1
14336,1
14337,0
14338,1
14339,1
14340,0
14341,1
14342,0
14343,1
14344,1
14345,1
14346,1
14347,0
14348,0
14349,1
14350,0
14351,0
14352,0
14353,0
14354,0
14355,1
14356,1
14357,1
14358,1
14359,1
14360,1
14361,0
14362,1
14363,1
14364,0
14365,1
14366,1
14367,0
14368,1
14369,0
14370,1
14371,1
14372,1
14373,0
14374,0
14375,0
14376,0
14377,0
14378,0
14379,0
14380,0
14381,1
14382,0
14383,0
14384,0
14385,1
14386,1
14387,1
14388,0
14389,1
14390,1
14391,0
14392,1
14393,1
14394,0
14395,1
14396,1
14397,1
14398,0
14399,0
14400,1
14401,0
14402,0
14403,1
14404,1
14405,1
14406,1
14407,1
14408,0
14409,1
14410,0
14411,0
14412,1
14413,0
14414,0
14415,0
14416,0
14417,0
14418,0
14419,0
14420,0
14421,1
14422,1
14423,0
14424,1
14425,1
14426,0
14427,1
14428,0
14429,0
14430,1
14431,0
14432,0
14433,0
14434,0
14435,0
14436,0
14437,1
14438,1
14439,1
14440,1
14441,1
14442,1
14443,1
14444,1
14445,0
14446,1
14447,0
14448,0
14449,0
14450,1
14451,0
14452,0
14453,0
14454,0
14455,0
14456,0
14457,0
14458,1
14459,1
14460,0
14461,0
14462,1
14463,1
14464,0
14465,0
14466,1
14467,1
14468,0
14469,1
14470,0
14471,1
14472,0
14473,0
14474,1
14475,1
14476,1
14477,1
14478,0
14479,1
14480,0
14481,1
14482,1
14483,1
14484,0
14485,1
14486,1
14487,0
14488,0
14489,1
14490,0
14491,1
14492,1
14493,0
14494,0
14495,1
14496,0
14497,0
14498,1
14499,1
14500,1
14501,0
14502,0
14503,1
14504,1
14505,1
14506,1
14507,0
14508,0
14509,0
14510,0
14511,1
14512,1
14513,0
14514,1
14515,0
14516,1
14517,1
14518,0
14519,1
14520,0
14521,1
14522,1
14523,1
14524,0
14525,0
14526,0
14527,1
14528,1
14529,0
14530,1
14531,0
14532,0
14533,1
14534,1
14535,0
14536,0
14537,0
14538,0
14539,1
14540,0
14541,0
14542,0
14543,0
14544,1
14545,0
14546,0
14547,1
14548,1
14549,1
14550,0
14551,1
14552,0
14553,0
14554,1
14555,0
14556,1
14557,0
14558,1
14559,0
14560,0
14561,1
14562,0
14563,1
14564,0
14565,0
14566,1
14567,0
14568,1
14569,0
14570,0
14571,1
14572,0
14573,1
14574,0
14575,1
14576,1
14577,1
14578,1
14579,0
14580,1
14581,0
14582,0
14583,0
14584,0
14585,1
14586,0
14587,1
14588,1
14589,1
14590,1
14591,1
14592,1
14593,0
14594,0
14595,1
14596,0
14597,0
14598,0
14599,0
14600,0
14601,1
14602,0
14603,0
14604,1
14605,1
14606,1
14607,1
14608,1
14609,0
14610,0
14611,0
14612,1
14613,1
14614,0
14615,1
14616,1
14617,0
14618,0
14619,0
14620,0
14621,0
14622,0
14623,1
14624,1
14625,1
14626,1
14627,1
14628,0
14629,0
14630,0
14631,1
14632,0
14633,0
14634,0
14635,1
14636,0
14637,1
14638,1
14639,0
14640,0
14641,0
14642,1
14643,1
14644,0
14645,1
14646,0
14647,1
14648,1
14649,0
14650,1
14651,1
14652,1
14653,0
14654,1
14655,1
14656,1
14657,0
14658,0
14659,1
14660,0
14661,1
14662,0
14663,1
14664,0
14665,0
14666,0
14667,1
14668,1
14669,0
14670,0
14671,1
14672,0
14673,0
14674,0
14675,1
14676,1
14677,1
14678,1
14679,1
14680,1
14681,0
14682,0
14683,0
14684,0
14685,1
14686,1
14687,0
14688,1
14689,0
14690,1
14691,0
14692,1
14693,0
14694,1
14695,0
14696,0
14697,0
14698,1
14699,1
14700,1
14701,0
14702,1
14703,1
14704,0
14705,1
14706,0
14707,0
14708,1
14709,0
14710,1
14711,0
14712,0
14713,1
14714,1
14715,0
14716,1
14717,0
14718,0
14719,0
14720,1
14721,0
14722,1
14723,1
14724,1
14725,0
14726,1
14727,0
14728,0
14729,1
14730,1
14731,1
14732,0
14733,0
14734,0
14735,1
14736,1
14737,1
14738,1
14739,0
14740,0
14741,1
14742,1
14743,1
14744,1
14745,0
14746,0
14747,1
14748,0
14749,0
14750,0
14751,1
14752,0
14753,0
14754,1
14755,0
14756,0
14757,1
14758,0
14759,0
14760,1
14761,0
14762,0
14763,1
14764,0
14765,1
14766,1
14767,0
14768,0
14769,0
14770,1
14771,1
14772,0
14773,1
14774,1
14775,0
14776,1
14777,0
14778,0
14779,0
14780,1
14781,1
14782,0
14783,1
14784,0
14785,1
14786,1
14787,1
14788,0
14789,1
14790,0
14791,1
14792,1
14793,1
14794,0
14795,1
14796,0
14797,0
14798,0
14799,0
14800,1
14801,1
14802,1
14803,0
14804,1
14805,0
14806,0
14807,1
14808,1
14809,1
14810,1
14811,0
14812,1
14813,1
14814,1
14815,1
14816,1
14817,1
14818,1
14819,0
14820,0
14821,0
14822,1
14823,1
14824,0
14825,1
14826,0
14827,0
14828,0
14829,1
14830,0
14831,1
14832,0
14833,1
14834,1
14835,1
14836,0
14837,1
14838,0
14839,1
14840,0
14841,0
14842,1
14843,0
14844,1
14845,0
14846,0
14847,1
14848,1
14849,0
14850,1
14851,1
14852,1
14853,1
14854,1
14855,0
14856,1
14857,1
14858,0
14859,0
14860,1
14861,0
14862,1
14863,0
14864,0
14865,1
14866,0
14867,0
14868,0
14869,0
14870,0
14871,1
14872,0
14873,1
14874,1
14875,0
14876,1
14877,1
14878,0
14879,1
14880,0
14881,0
14882,0
14883,0
14884,0
14885,1
14886,0
14887,0
14888,0
14889,1
14890,0
14891,0
14892,1
14893,0
14894,0
14895,1
14896,0
14897,1
14898,1
14899,0
14900,1
14901,1
14902,0
14903,0
14904,1
14905,0
14906,1
14907,0
14908,0
14909,0
14910,0
14911,1
14912,0
14913,0
14914,1
14915,1
14916,1
14917,1
14918,1
14919,0
14920,0
14921,0
14922,0
14923,0
14924,1
14925,1
14926,1
14927,0
14928,0
14929,0
14930,0
14931,1
14932,0
14933,0
14934,1
14935,0
14936,0
14937,0
14938,0
14939,0
14940,0
14941,1
14942,0
14943,0
14944,0
14945,0
14946,1
14947,1
14948,0
14949,1
14950,1
14951,1
14952,0
14953,0
14954,1
14955,1
14956,1
14957,1
14958,1
14959,0
14960,1
14961,1
14962,1
14963,0
14964,1
14965,1
14966,0
14967,0
14968,0
14969,1
14970,1
14971,0
14972,0
14973,0
14974,0
14975,1
14976,1
14977,0
14978,1
14979,1
14980,1
14981,1
14982,1
14983,0
14984,0
14985,1
14986,1
14987,1
14988,1
14989,0
14990,1
14991,1
14992,1
14993,0
14994,0
14995,0
14996,1
14997,1
14998,0
14999,0
15000,1
15001,0
15002,0
15003,0
15004,0
15005,0
15006,1
15007,0
15008,0
15009,0
15010,0
15011,1
15012,0
15013,0
15014,1
15015,0
15016,0
15017,1
15018,0
15019,1
15020,1
15021,1
15022,1
15023,1
15024,1
15025,1
15026,1
15027,0
15028,0
15029,0
15030,1
15031,0
15032,0
15033,0
15034,1
15035,1
15036,1
15037,0
15038,0
15039,1
15040,1
15041,0
15042,0
15043,0
15044,0
15045,0
15046,1
15047,0
15048,1
15049,0
15050,0
15051,0
15052,1
15053,1
15054,0
15055,0
15056,1
15057,1
15058,1
15059,0
15060,1
15061,1
15062,1
15063,1
15064,1
15065,0
15066,0
15067,1
15068,0
15069,1
15070,0
15071,0
15072,1
15073,1
15074,0
15075,1
15076,1
15077,1
15078,0
15079,1
15080,0
15081,1
15082,0
15083,0
15084,0
15085,1
15086,0
15087,1
15088,0
15089,1
15090,0
15091,1
15092,0
15093,0
15094,0
15095,1
15096,1
15097,1
15098,0
15099,1
15100,0
15101,1
15102,0
15103,1
15104,1
15105,1
15106,0
15107,0
15108,1
15109,0
15110,1
15111,1
15112,1
15113,0
15114,1
15115,1
15116,1
15117,0
15118,0
15119,0
15120,0
15121,0
15122,0
15123,0
15124,1
15125,0
15126,0
15127,0
15128,1
15129,0
15130,0
15131,1
15132,0
15133,0
15134,1
15135,1
15136,0
15137,0
15138,1
15139,0
15140,1
15141,1
15142,0
15143,0
15144,1
15145,1
15146,0
15147,1
15148,1
15149,1
15150,0
15151,1
15152,0
15153,0
15154,1
15155,0
15156,0
15157,1
15158,1
15159,1
15160,0
15161,0
15162,1
15163,0
15164,1
15165,1
15166,0
15167,0
15168,0
15169,0
15170,1
15171,0
15172,1
15173,0
15174,1
15175,1
15176,1
15177,0
15178,0
15179,0
15180,1
15181,0
15182,1
15183,1
15184,1
15185,0
15186,1
15187,1
15188,1
15189,0
15190,1
15191,0
15192,0
15193,1
15194,1
15195,1
15196,1
15197,1
15198,0
15199,1
15200,1
15201,1
15202,1
15203,1
15204,0
15205,0
15206,0
15207,1
15208,0
15209,0
15210,1
15211,0
15212,1
15213,1
15214,0
15215,0
15216,1
15217,1
15218,0
15219,1
15220,0
15221,1
15222,1
15223,0
15224,0
15225,1
15226,0
15227,0
15228,0
15229,0
15230,0
15231,1
15232,1
15233,0
15234,0
15235,1
15236,1
15237,0
15238,1
15239,0
15240,1
15241,1
15242,1
15243,0
15244,0
15245,0
15246,1
15247,0
15248,1
15249,1
15250,0
15251,1
15252,0
15253,0
15254,0
15255,0
15256,0
15257,0
15258,0
15259,0
15260,1
15261,1
15262,0
15263,0
15264,0
15265,0
15266,1
15267,1
15268,1
15269,1
15270,1
15271,1
15272,1
15273,0
15274,0
15275,0
15276,1
15277,0
15278,1
15279,1
15280,0
15281,0
15282,1
15283,1
15284,1
15285,1
15286,0
15287,0
15288,0
15289,0
15290,0
15291,0
15292,0
15293,1
15294,0
15295,0
15296,1
15297,0
15298,1
15299,0
15300,1
15301,0
15302,0
15303,0
15304,0
15305,1
15306,1
15307,1
15308,1
15309,0
15310,1
15311,0
15312,1
15313,1
15314,0
15315,1
15316,0
15317,0
15318,1
15319,0
15320,0
15321,1
15322,0
15323,1
15324,1
15325,0
15326,1
15327,1
15328,1
15329,0
15330,0
15331,1
15332,0
15333,0
15334,0
15335,0
15336,1
15337,1
15338,1
15339,1
15340,1
15341,0
15342,0
15343,1
15344,0
15345,0
15346,0
15347,0
15348,0
15349,0
15350,1
15351,0
15352,1
15353,0
15354,0
15355,1
15356,0
15357,1
15358,1
15359,1
15360,0
15361,0
15362,0
15363,1
15364,0
15365,0
15366,0
15367,0
15368,1
15369,0
15370,0
15371,0
15372,0
15373,1
15374,0
15375,1
15376,1
15377,0
15378,1
15379,0
15380,0
15381,1
15382,0
15383,0
15384,1
15385,0
15386,0
15387,1
15388,0
15389,1
15390,1
15391,1
15392,0
15393,1
15394,0
15395,0
15396,1
15397,0
15398,0
15399,0
15400,1
15401,0
15402,0
15403,0
15404,0
15405,0
15406,1
15407,1
15408,0
15409,1
15410,0
15411,0
15412,1
15413,1
15414,0
15415,0
15416,1
15417,1
15418,1
15419,1
15420,1
15421,1
15422,1
15423,0
15424,1
15425,1
15426,0
15427,0
15428,1
15429,0
15430,1
15431,1
15432,1
15433,1
15434,0
15435,0
15436,1
15437,1
15438,0
15439,1
15440,0
15441,1
15442,0
15443,1
15444,1
15445,1
15446,1
15447,1
15448,0
15449,1
15450,0
15451,0
15452,0
15453,0
15454,1
15455,0
15456,0
15457,0
15458,0
15459,0
15460,1
15461,0
15462,1
15463,1
15464,1
15465,0
15466,0
15467,0
15468,0
15469,1
15470,1
15471,0
15472,1
15473,1
15474,0
15475,0
15476,1
15477,0
15478,0
15479,0
15480,0
15481,1
15482,0
15483,0
15484,1
15485,0
15486,0
15487,1
15488,0
15489,1
15490,0
15491,1
15492,1
15493,0
15494,1
15495,0
15496,0
15497,0
15498,0
15499,1
15500,1
15501,0
15502,1
15503,0
15504,1
15505,1
15506,0
15507,0
15508,0
15509,1
15510,1
15511,0
15512,0
15513,0
15514,1
15515,1
15516,0
15517,1
15518,1
15519,0
15520,1
15521,1
15522,0
15523,1
15524,0
15525,1
15526,1
15527,1
15528,0
15529,1
15530,1
15531,0
15532,1
15533,1
15534,1
15535,1
15536,1
15537,1
15538,0
15539,0
15540,1
15541,1
15542,1
15543,0
15544,0
15545,1
15546,0
15547,0
15548,0
15549,0
15550,0
15551,1
15552,1
15553,1
15554,0
15555,0
15556,1
15557,1
15558,1
15559,0
15560,1
15561,0
15562,1
15563,0
15564,1
15565,0
15566,1
15567,0
15568,0
15569,0
15570,1
15571,0
15572,0
15573,0
15574,0
15575,1
15576,0
15577,0
15578,1
15579,0
15580,1
15581,0
15582,0
15583,0
15584,0
15585,0
15586,0
15587,1
15588,1
15589,1
15590,0
15591,1
15592,0
15593,0
15594,1
15595,0
15596,1
15597,1
15598,1
15599,1
15600,1
15601,0
15602,1
15603,1
15604,1
15605,0
15606,0
15607,0
15608,0
15609,1
15610,0
15611,0
15612,1
15613,0
15614,0
15615,1
15616,0
15617,0
15618,0
15619,1
15620,0
15621,1
15622,0
15623,0
15624,0
15625,1
15626,1
15627,0
15628,1
15629,1
15630,1
15631,1
15632,1
15633,0
15634,1
15635,0
15636,1
15637,0
15638,1
15639,1
15640,1
15641,0
15642,0
15643,1
15644,0
15645,0
15646,1
15647,1
15648,0
15649,0
15650,0
15651,1
15652,1
15653,1
15654,0
15655,0
15656,1
15657,1
15658,0
15659,0
15660,0
15661,1
15662,0
15663,0
15664,1
15665,0
15666,0
15667,0
15668,0
15669,0
15670,1
15671,0
15672,1
15673,1
15674,0
15675,0
15676,0
15677,0
15678,0
15679,0
15680,1
15681,1
15682,0
15683,1
15684,0
15685,0
15686,0
15687,0
15688,1
15689,1
15690,0
15691,0
15692,0
15693,1
15694,1
15695,1
15696,1
15697,0
15698,1
15699,0
15700,1
15701,0
15702,0
15703,0
15704,1
15705,0
15706,1
15707,0
15708,0
15709,1
15710,0
15711,1
15712,1
15713,1
15714,0
15715,1
15716,1
15717,0
15718,0
15719,1
15720,1
15721,0
15722,1
15723,0
15724,1
15725,1
15726,0
15727,0
15728,0
15729,0
15730,1
15731,1
15732,0
15733,0
15734,1
15735,1
15736,0
15737,0
15738,0
15739,1
15740,1
15741,0
15742,0
15743,1
15744,0
15745,0
15746,1
15747,1
15748,0
15749,0
15750,1
15751,0
15752,1
15753,0
15754,0
15755,0
15756,1
15757,1
15758,0
15759,0
15760,0
15761,1
15762,0
15763,1
15764,1
15765,0
15766,0
15767,1
15768,1
15769,0
15770,1
15771,1
15772,0
15773,1
15774,1
15775,1
15776,1
15777,0
15778,1
15779,0
15780,1
15781,1
15782,1
15783,0
15784,1
15785,1
15786,1
15787,0
15788,0
15789,0
15790,1
15791,0
15792,0
15793,1
15794,1
15795,1
15796,1
15797,0
15798,0
15799,1
15800,0
15801,0
15802,1
15803,0
15804,0
15805,0
15806,0
15807,1
15808,0
15809,0
15810,1
15811,0
15812,0
15813,1
15814,0
15815,1
15816,0
15817,0
15818,1
15819,1
15820,0
15821,1
15822,1
15823,0
15824,0
15825,1
15826,0
15827,0
15828,1
15829,1
15830,1
15831,0
15832,1
15833,0
15834,1
15835,1
15836,0
15837,1
15838,0
15839,1
15840,0
15841,1
15842,0
15843,1
15844,1
15845,1
15846,0
15847,0
15848,0
15849,0
15850,0
15851,1
15852,0
15853,1
15854,0
15855,1
15856,1
15857,1
15858,1
15859,1
15860,1
15861,0
15862,0
15863,0
15864,1
15865,0
15866,0
15867,0
15868,0
15869,1
15870,0
15871,1
15872,0
15873,0
15874,0
15875,0
15876,0
15877,1
15878,0
15879,1
15880,1
15881,1
15882,1
15883,1
15884,1
15885,0
15886,1
15887,1
15888,1
15889,0
15890,0
15891,1
15892,0
15893,0
15894,1
15895,0
15896,1
15897,1
15898,1
15899,0
15900,1
15901,0
15902,0
15903,1
15904,1
15905,0
15906,0
15907,1
15908,0
15909,1
15910,0
15911,1
15912,1
15913,0
15914,0
15915,0
15916,0
15917,1
15918,1
15919,1
15920,1
15921,0
15922,0
15923,1
15924,0
15925,1
15926,1
15927,1
15928,0
15929,1
15930,0
15931,0
15932,0
15933,0
15934,0
15935,0
15936,0
15937,1
15938,0
15939,1
15940,1
15941,0
15942,1
15943,0
15944,0
15945,0
15946,0
15947,0
15948,0
15949,0
15950,1
15951,1
15952,0
15953,0
15954,0
15955,1
15956,0
15957,1
15958,1
15959,0
15960,1
15961,1
15962,0
15963,0
15964,0
15965,1
15966,0
15967,1
15968,0
15969,0
15970,1
15971,1
15972,0
15973,1
15974,0
15975,1
15976,0
15977,1
15978,1
15979,0
15980,1
15981,0
15982,0
15983,0
15984,0
15985,1
15986,0
15987,1
15988,1
15989,0
15990,0
15991,0
15992,1
15993,1
15994,1
15995,0
15996,1
15997,1
15998,1
15999,0
16000,0
16001,0
16002,0
16003,0
16004,1
16005,0
16006,1
16007,0
16008,1
16009,1
16010,1
16011,0
16012,0
16013,0
16014,0
16015,1
16016,1
16017,1
16018,1
16019,1
16020,0
16021,1
16022,1
16023,0
16024,0
16025,0
16026,1
16027,0
16028,0
16029,0
16030,1
16031,1
16032,1
16033,1
16034,1
16035,1
16036,0
16037,0
16038,1
16039,1
16040,1
16041,1
16042,0
16043,1
16044,0
16045,0
16046,1
16047,0
16048,0
16049,0
16050,1
16051,1
16052,0
16053,0
16054,0
16055,1
16056,1
16057,1
16058,0
16059,0
16060,0
16061,0
16062,1
16063,0
16064,0
16065,1
16066,1
16067,1
16068,0
16069,1
16070,0
16071,1
16072,1
16073,1
16074,0
16075,1
16076,1
16077,1
16078,0
16079,1
16080,1
16081,1
16082,0
16083,0
16084,1
16085,0
16086,0
16087,1
16088,1
16089,1
16090,0
16091,0
16092,0
16093,0
16094,1
16095,1
16096,0
16097,1
16098,0
16099,0
16100,1
16101,1
16102,1
16103,1
16104,0
16105,0
16106,1
16107,1
16108,1
16109,0
16110,0
16111,1
16112,1
16113,0
16114,0
16115,0
16116,0
16117,1
16118,0
16119,1
16120,0
16121,1
16122,0
16123,1
16124,0
16125,1
16126,0
16127,1
16128,1
16129,1
16130,1
16131,1
16132,1
16133,0
16134,0
16135,0
16136,0
16137,0
16138,0
16139,1
16140,1
16141,0
16142,1
16143,1
16144,0
16145,0
16146,1
16147,0
16148,1
16149,0
16150,1
16151,1
16152,1
16153,0
16154,1
16155,0
16156,1
16157,0
16158,0
16159,1
16160,1
16161,1
16162,1
16163,0
16164,1
16165,0
16166,0
16167,1
16168,0
16169,1
16170,0
16171,0
16172,1
16173,0
16174,1
16175,0
16176,0
16177,0
16178,1
16179,1
16180,0
16181,1
16182,1
16183,0
16184,1
16185,0
16186,1
16187,0
16188,1
16189,1
16190,0
16191,0
16192,1
16193,1
16194,0
16195,1
16196,1
16197,1
16198,0
16199,0
16200,1
16201,1
16202,0
16203,1
16204,0
16205,0
16206,0
16207,0
16208,0
16209,1
16210,1
16211,0
16212,0
16213,1
16214,1
16215,0
16216,0
16217,1
16218,0
16219,1
16220,0
16221,0
16222,1
16223,1
16224,0
16225,1
16226,0
16227,0
16228,1
16229,1
16230,1
16231,1
16232,0
16233,0
16234,0
16235,0
16236,0
16237,0
16238,1
16239,0
16240,1
16241,0
16242,1
16243,1
16244,1
16245,1
16246,1
16247,1
16248,0
16249,0
16250,0
16251,1
16252,1
16253,0
16254,0
16255,1
16256,0
16257,1
16258,0
16259,0
16260,0
16261,0
16262,0
16263,1
16264,0
16265,1
16266,0
16267,1
16268,1
16269,1
16270,1
16271,1
16272,0
16273,1
16274,0
16275,0
16276,1
16277,1
16278,1
16279,1
16280,0
16281,0
16282,0
16283,0
16284,1
16285,0
16286,1
16287,0
16288,0
16289,0
16290,1
16291,1
16292,1
16293,0
16294,0
16295,1
16296,1
16297,0
16298,0
16299,1
16300,0
16301,0
16302,0
16303,0
16304,0
16305,1
16306,1
16307,0
16308,0
16309,1
16310,0
16311,0
16312,1
16313,1
16314,1
16315,0
16316,0
16317,0
16318,1
16319,0
16320,0
16321,0
16322,0
16323,0
16324,0
16325,0
16326,0
16327,1
16328,1
16329,1
16330,1
16331,1
16332,0
16333,0
16334,0
16335,0
16336,1
16337,0
16338,1
16339,1
16340,0
16341,0
16342,1
16343,0
16344,0
16345,1
16346,1
16347,1
16348,1
16349,0
16350,1
16351,1
16352,1
16353,0
16354,0
16355,0
16356,0
16357,1
16358,0
16359,1
16360,1
16361,0
16362,1
16363,0
16364,1
16365,0
16366,0
16367,1
16368,0
16369,0
16370,0
16371,0
16372,1
16373,0
16374,0
16375,0
16376,1
16377,1
16378,1
16379,0
16380,0
16381,1
16382,1
16383,0
16384,1
16385,1
16386,0
16387,0
16388,1
16389,0
16390,1
16391,1
16392,1
16393,0
16394,1
16395,1
16396,0
16397,1
16398,1
16399,0
16400,0
16401,0
16402,0
16403,0
16404,0
16405,1
16406,1
16407,1
16408,0
16409,1
16410,0
16411,1
16412,1
16413,0
16414,0
16415,1
16416,1
16417,1
16418,1
16419,0
16420,0
16421,1
16422,0
16423,0
16424,1
16425,0
16426,1
16427,1
16428,0
16429,0
16430,0
16431,1
16432,0
16433,1
16434,1
16435,0
16436,1
16437,1
16438,0
16439,0
16440,1
16441,1
16442,1
16443,0
16444,1
16445,1
16446,1
16447,1
16448,0
16449,1
16450,0
16451,0
16452,0
16453,0
16454,0
16455,1
16456,1
16457,0
16458,0
16459,0
16460,1
16461,1
16462,1
16463,0
16464,0
16465,1
16466,0
16467,1
16468,1
16469,1
16470,0
16471,1
16472,0
16473,1
16474,1
16475,0
16476,1
16477,1
16478,1
16479,1
16480,1
16481,0
16482,0
16483,0
16484,0
16485,1
16486,0
16487,1
16488,0
16489,0
16490,0
16491,0
16492,1
16493,0
16494,0
16495,0
16496,0
16497,1
16498,0
16499,1
16500,1
16501,1
16502,1
16503,1
16504,1
16505,1
16506,0
16507,0
16508,0
16509,1
16510,0
16511,1
16512,1
16513,0
16514,1
16515,1
16516,1
16517,0
16518,0
16519,0
16520,1
16521,0
16522,0
16523,0
16524,0
16525,0
16526,1
16527,0
16528,1
16529,0
16530,0
16531,1
16532,1
16533,1
16534,0
16535,0
16536,1
16537,0
16538,1
16539,1
16540,0
16541,0
16542,1
16543,0
16544,0
16545,0
16546,1
16547,0
16548,1
16549,1
16550,0
16551,1
16552,1
16553,1
16554,1
16555,1
16556,0
16557,1
16558,0
16559,0
16560,1
16561,1
16562,0
16563,1
16564,0
16565,1
16566,1
16567,0
16568,0
16569,0
16570,0
16571,1
16572,1
16573,0
16574,1
16575,0
16576,0
16577,1
16578,1
16579,0
16580,1
16581,1
16582,0
16583,1
16584,1
16585,1
16586,0
16587,1
16588,0
16589,1
16590,1
16591,1
16592,1
16593,1
16594,0
16595,0
16596,0
16597,0
16598,0
16599,1
16600,1
16601,1
16602,0
16603,0
16604,0
16605,0
16606,1
16607,0
16608,1
16609,0
16610,1
16611,0
16612,0
16613,0
16614,1
16615,0
16616,1
16617,0
16618,1
16619,1
16620,0
16621,0
16622,0
16623,1
16624,1
16625,0
16626,1
16627,0
16628,1
16629,1
16630,0
16631,0
16632,0
16633,0
16634,0
16635,0
16636,0
16637,1
16638,0
16639,1
16640,1
16641,0
16642,1
16643,0
16644,0
16645,0
16646,1
16647,0
16648,0
16649,1
16650,1
16651,0
16652,0
16653,0
16654,1
16655,1
16656,0
16657,0
16658,0
16659,1
16660,1
16661,1
16662,0
16663,1
16664,0
16665,0
16666,0
16667,0
16668,0
16669,0
16670,0
16671,0
16672,1
16673,1
16674,0
16675,0
16676,0
16677,0
16678,0
16679,0
16680,1
16681,0
16682,1
16683,1
16684,0
16685,0
16686,0
16687,1
16688,1
16689,0
16690,0
16691,1
16692,1
16693,0
16694,1
16695,1
16696,1
16697,0
16698,0
16699,0
16700,0
16701,0
16702,1
16703,1
16704,0
16705,0
16706,1
16707,0
16708,0
16709,1
16710,1
16711,0
16712,0
16713,0
16714,0
16715,0
16716,0
16717,1
16718,0
16719,1
16720,1
16721,1
16722,1
16723,1
16724,0
16725,0
16726,0
16727,1
16728,1
16729,0
16730,1
16731,0
16732,0
16733,1
16734,0
16735,1
16736,0
16737,1
16738,1
16739,1
16740,0
16741,1
16742,0
16743,1
16744,1
16745,1
16746,0
16747,0
16748,1
16749,0
16750,1
16751,1
16752,1
16753,0
16754,0
16755,1
16756,0
16757,1
16758,0
16759,1
16760,0
16761,1
16762,0
16763,1
16764,1
16765,1
16766,1
16767,0
16768,0
16769,1
16770,1
16771,0
16772,0
16773,0
16774,1
16775,1
16776,1
16777,0
16778,0
16779,1
16780,1
16781,0
16782,0
16783,0
16784,1
16785,0
16786,1
16787,0
16788,1
16789,0
16790,1
16791,0
16792,0
16793,0
16794,0
16795,1
16796,1
16797,0
16798,0
16799,0
16800,1
16801,0
16802,0
16803,1
16804,0
16805,1
16806,0
16807,1
16808,1
16809,0
16810,1
16811,0
16812,0
16813,1
16814,0
16815,0
16816,0
16817,0
16818,0
16819,1
16820,1
16821,0
16822,1
16823,0
16824,1
16825,1
16826,0
16827,0
16828,0
16829,0
16830,0
16831,0
16832,1
16833,0
16834,1
16835,1
16836,0
16837,1
16838,1
16839,0
16840,1
16841,0
16842,0
16843,1
16844,0
16845,1
16846,1
16847,1
16848,0
16849,1
16850,1
16851,0
16852,0
16853,1
16854,1
16855,1
16856,1
16857,1
16858,0
16859,0
16860,1
16861,0
16862,1
16863,1
16864,0
16865,1
16866,1
16867,1
16868,1
16869,1
16870,1
16871,1
16872,0
16873,0
16874,0
16875,1
16876,1
16877,0
16878,0
16879,1
16880,0
16881,0
16882,0
16883,1
16884,1
16885,1
16886,1
16887,0
16888,0
16889,1
16890,0
16891,1
16892,0
16893,0
16894,1
16895,0
16896,0
16897,0
16898,0
16899,0
16900,0
16901,0
16902,1
16903,1
16904,1
16905,1
16906,0
16907,1
16908,0
16909,1
16910,0
16911,1
16912,1
16913,0
16914,1
16915,1
16916,1
16917,1
16918,0
16919,1
16920,0
16921,0
16922,0
16923,1
16924,0
16925,0
16926,1
16927,0
16928,1
16929,1
16930,0
16931,0
16932,0
16933,1
16934,0
16935,0
16936,0
16937,0
16938,1
16939,0
16940,1
16941,0
16942,0
16943,1
16944,1
16945,1
16946,1
16947,0
16948,1
16949,0
16950,0
16951,0
16952,1
16953,0
16954,1
16955,0
16956,0
16957,0
16958,1
16959,0
16960,0
16961,0
16962,1
16963,0
16964,1
16965,0
16966,0
16967,1
16968,1
16969,0
16970,0
16971,1
16972,0
16973,1
16974,1
16975,1
16976,0
16977,1
16978,1
16979,0
16980,1
16981,1
16982,1
16983,1
16984,1
16985,1
16986,1
16987,1
16988,0
16989,0
16990,1
16991,1
16992,1
16993,0
16994,1
16995,1
16996,1
16997,0
16998,0
16999,1
17000,1
17001,1
17002,1
17003,1
17004,1
17005,1
17006,1
17007,1
17008,0
17009,1
17010,1
17011,1
17012,0
17013,0
17014,0
17015,1
17016,0
17017,1
17018,0
17019,0
17020,0
17021,0
17022,1
17023,0
17024,1
17025,1
17026,1
17027,0
17028,1
17029,1
17030,1
17031,0
17032,1
17033,1
17034,0
17035,0
17036,0
17037,0
17038,0
17039,1
17040,0
17041,1
17042,1
17043,0
17044,1
17045,1
17046,0
17047,0
17048,1
17049,0
17050,1
17051,0
17052,1
17053,1
17054,0
17055,1
17056,0
17057,0
17058,1
17059,1
17060,1
17061,0
17062,0
17063,1
17064,1
17065,1
17066,0
17067,1
17068,1
17069,1
17070,1
17071,0
17072,1
17073,1
17074,0
17075,1
17076,0
17077,1
17078,0
17079,1
17080,0
17081,1
17082,0
17083,0
17084,0
17085,0
17086,1
17087,1
17088,0
17089,1
17090,0
17091,0
17092,1
17093,1
17094,0
17095,0
17096,0
17097,1
17098,1
17099,0
17100,0
17101,0
17102,0
17103,0
17104,1
17105,1
17106,0
17107,0
17108,1
17109,0
17110,0
17111,0
17112,1
17113,1
17114,1
17115,0
17116,0
17117,1
17118,1
17119,1
17120,1
17121,0
17122,0
17123,1
17124,0
17125,0
17126,1
17127,0
17128,1
17129,0
17130,1
17131,1
17132,0
17133,1
17134,0
17135,0
17136,0
17137,1
17138,0
17139,0
17140,0
17141,0
17142,1
17143,1
17144,0
17145,1
17146,1
17147,1
17148,0
17149,1
17150,1
17151,1
17152,1
17153,0
17154,0
17155,0
17156,0
17157,0
17158,1
17159,0
17160,0
17161,0
17162,0
17163,1
17164,1
17165,1
17166,1
17167,1
17168,0
17169,1
17170,1
17171,0
17172,1
17173,0
17174,0
17175,1
17176,1
17177,1
17178,0
17179,0
17180,0
17181,0
17182,1
17183,0
17184,1
17185,0
17186,0
17187,1
17188,1
17189,1
17190,1
17191,0
17192,0
17193,1
17194,1
17195,0
17196,1
17197,1
17198,1
17199,0
17200,1
17201,0
17202,0
17203,0
17204,0
17205,1
17206,0
17207,0
17208,0
17209,0
17210,0
17211,0
17212,0
17213,0
17214,0
17215,0
17216,1
17217,0
17218,1
17219,0
17220,1
17221,1
17222,1
17223,0
17224,0
17225,1
17226,1
17227,0
17228,1
17229,0
17230,0
17231,1
17232,1
17233,1
17234,0
17235,1
17236,0
17237,1
17238,0
17239,0
17240,0
17241,1
17242,0
17243,1
17244,1
17245,0
17246,1
17247,0
17248,1
17249,1
17250,0
17251,1
17252,0
17253,0
17254,0
17255,0
17256,0
17257,0
17258,1
17259,0
17260,1
17261,0
17262,1
17263,1
17264,1
17265,1
17266,0
17267,0
17268,1
17269,1
17270,0
17271,0
17272,1
17273,0
17274,1
17275,1
17276,0
17277,1
17278,0
17279,0
17280,0
17281,1
17282,1
17283,0
17284,1
17285,1
17286,0
17287,1
17288,0
17289,1
17290,0
17291,0
17292,0
17293,0
17294,0
17295,1
17296,0
17297,0
17298,1
17299,0
17300,0
17301,1
17302,0
17303,0
17304,0
17305,0
17306,0
17307,1
17308,1
17309,0
17310,1
17311,0
17312,1
17313,1
17314,1
17315,0
17316,0
17317,0
17318,1
17319,1
17320,1
17321,0
17322,1
17323,0
17324,1
17325,1
17326,0
17327,0
17328,0
17329,1
17330,1
17331,0
17332,0
17333,0
17334,1
17335,0
17336,1
17337,0
17338,0
17339,1
17340,0
17341,1
17342,1
17343,0
17344,1
17345,0
17346,1
17347,1
17348,1
17349,0
17350,1
17351,0
17352,1
17353,1
17354,1
17355,1
17356,1
17357,0
17358,0
17359,1
17360,1
17361,1
17362,0
17363,1
17364,0
17365,0
17366,0
17367,0
17368,1
17369,0
17370,0
17371,0
17372,0
17373,1
17374,0
17375,1
17376,0
17377,0
17378,0
17379,1
17380,0
17381,0
17382,1
17383,1
17384,0
17385,1
17386,0
17387,0
17388,1
17389,0
17390,1
17391,1
17392,0
17393,1
17394,0
17395,1
17396,1
17397,1
17398,0
17399,0
17400,0
17401,1
17402,0
17403,0
17404,1
17405,1
17406,0
17407,1
17408,1
17409,0
17410,0
17411,1
17412,0
17413,1
17414,0
17415,0
17416,0
17417,0
17418,0
17419,1
17420,1
17421,1
17422,1
17423,0
17424,1
17425,1
17426,1
17427,0
17428,0
17429,1
17430,1
17431,0
17432,0
17433,0
17434,0
17435,0
17436,1
17437,1
17438,1
17439,1
17440,1
17441,0
17442,1
17443,0
17444,0
17445,1
17446,0
17447,0
17448,0
17449,0
17450,0
17451,0
17452,1
17453,0
17454,1
17455,0
17456,0
17457,0
17458,0
17459,0
17460,1
17461,1
17462,0
17463,1
17464,0
17465,0
17466,0
17467,0
17468,1
17469,0
17470,0
17471,0
17472,1
17473,1
17474,1
17475,0
17476,0
17477,1
17478,1
17479,0
17480,1
17481,0
17482,0
17483,0
17484,0
17485,1
17486,0
17487,0
17488,0
17489,1
17490,1
17491,1
17492,1
17493,0
17494,0
17495,0
17496,1
17497,1
17498,0
17499,0
17500,0
17501,1
17502,0
17503,1
17504,0
17505,1
17506,0
17507,1
17508,0
17509,0
17510,1
17511,0
17512,1
17513,1
17514,0
17515,0
17516,1
17517,1
17518,0
17519,1
17520,0
17521,0
17522,0
17523,0
17524,1
17525,0
17526,1
17527,0
17528,0
17529,1
17530,0
17531,1
17532,1
17533,1
17534,1
17535,0
17536,0
17537,0
17538,0
17539,0
17540,0
17541,0
17542,1
17543,0
17544,0
17545,1
17546,1
17547,1
17548,0
17549,1
17550,0
17551,1
17552,0
17553,0
17554,1
17555,0
17556,0
17557,0
17558,0
17559,0
17560,0
17561,0
17562,0
17563,1
17564,0
17565,1
17566,0
17567,0
17568,0
17569,1
17570,0
17571,1
17572,1
17573,1
17574,0
17575,1
17576,1
17577,1
17578,0
17579,0
17580,1
17581,1
17582,1
17583,1
17584,1
17585,1
17586,1
17587,0
17588,0
17589,1
17590,1
17591,0
17592,0
17593,0
17594,0
17595,0
17596,0
17597,1
17598,0
17599,0
17600,0
17601,1
17602,0
17603,0
17604,1
17605,1
17606,0
17607,1
17608,0
17609,1
17610,0
17611,1
17612,0
17613,0
17614,1
17615,0
17616,1
17617,1
17618,1
17619,0
17620,0
17621,1
17622,1
17623,0
17624,1
17625,0
17626,0
17627,0
17628,1
17629,1
17630,0
17631,1
17632,0
17633,1
17634,1
17635,0
17636,0
17637,0
17638,0
17639,0
17640,0
17641,0
17642,1
17643,1
17644,0
17645,0
17646,1
17647,0
17648,0
17649,0
17650,1
17651,0
17652,0
17653,1
17654,1
17655,1
17656,0
17657,1
17658,0
17659,0
17660,1
17661,0
17662,1
17663,1
17664,1
17665,1
17666,1
17667,1
17668,1
17669,0
17670,1
17671,0
17672,0
17673,1
17674,1
17675,1
17676,0
17677,1
17678,1
17679,1
17680,0
17681,0
17682,0
17683,1
17684,0
17685,0
17686,0
17687,1
17688,0
17689,1
17690,1
17691,0
17692,1
17693,0
17694,0
17695,0
17696,0
17697,1
17698,0
17699,0
17700,1
17701,1
17702,1
17703,1
17704,1
17705,1
17706,1
17707,0
17708,1
17709,0
17710,0
17711,0
17712,1
17713,1
17714,0
17715,1
17716,0
17717,0
17718,0
17719,0
17720,0
17721,0
17722,0
17723,0
17724,1
17725,1
17726,1
17727,0
17728,1
17729,1
17730,1
17731,1
17732,0
17733,0
17734,0
17735,0
17736,0
17737,0
17738,0
17739,1
17740,1
17741,0
17742,1
17743,1
17744,0
17745,1
17746,0
17747,0
17748,0
17749,0
17750,0
17751,0
17752,1
17753,0
17754,0
17755,1
17756,1
17757,0
17758,0
17759,0
17760,0
17761,1
17762,0
17763,0
17764,1
17765,1
17766,0
17767,0
17768,1
17769,0
17770,1
17771,0
17772,0
17773,1
17774,1
17775,0
17776,1
17777,1
17778,1
17779,0
17780,1
17781,1
17782,0
17783,0
17784,1
17785,1
17786,0
17787,1
17788,0
17789,1
17790,1
17791,0
17792,1
17793,0
17794,0
17795,1
17796,1
17797,1
17798,1
17799,1
17800,1
17801,0
17802,0
17803,1
17804,1
17805,1
17806,1
17807,0
17808,0
17809,1
17810,1
17811,0
17812,0
17813,1
17814,0
17815,1
17816,1
17817,1
17818,1
17819,1
17820,0
17821,0
17822,0
17823,1
17824,1
17825,0
17826,1
17827,0
17828,0
17829,0
17830,1
17831,0
17832,1
17833,1
17834,0
17835,1
17836,1
17837,1
17838,0
17839,0
17840,0
17841,0
17842,0
17843,1
17844,1
17845,0
17846,0
17847,0
17848,1
17849,1
17850,0
17851,1
17852,1
17853,1
17854,1
17855,1
17856,1
17857,0
17858,1
17859,0
17860,1
17861,0
17862,0
17863,1
17864,0
17865,0
17866,1
17867,0
17868,0
17869,1
17870,1
17871,1
17872,1
17873,1
17874,0
17875,1
17876,1
17877,1
17878,0
17879,0
17880,0
17881,0
17882,1
17883,0
17884,1
17885,0
17886,0
17887,1
17888,1
17889,0
17890,1
17891,0
17892,0
17893,1
17894,1
17895,1
17896,0
17897,0
17898,0
17899,0
17900,0
17901,0
17902,1
17903,0
17904,1
17905,0
17906,0
17907,1
17908,1
17909,0
17910,0
17911,0
17912,0
17913,1
17914,0
17915,1
17916,1
17917,0
17918,0
17919,1
17920,0
17921,1
17922,0
17923,0
17924,0
17925,1
17926,1
17927,0
17928,1
17929,1
17930,1
17931,1
17932,0
17933,0
17934,0
17935,1
17936,0
17937,0
17938,0
17939,0
17940,1
17941,0
17942,0
17943,0
17944,1
17945,0
17946,0
17947,1
17948,1
17949,0
17950,0
17951,1
17952,0
17953,0
17954,0
17955,1
17956,0
17957,0
17958,1
17959,0
17960,1
17961,1
17962,0
17963,1
17964,0
17965,1
17966,0
17967,1
17968,0
17969,0
17970,0
17971,0
17972,1
17973,0
17974,0
17975,1
17976,1
17977,1
17978,0
17979,0
17980,0
17981,0
17982,1
17983,0
17984,0
17985,0
17986,0
17987,1
17988,0
17989,1
17990,1
17991,1
17992,1
17993,1
17994,0
17995,0
17996,0
17997,0
17998,0
17999,1
18000,0
18001,0
18002,0
18003,0
18004,0
18005,1
18006,1
18007,1
18008,1
18009,0
18010,0
18011,1
18012,1
18013,1
18014,0
18015,0
18016,1
18017,1
18018,0
18019,1
18020,1
18021,1
18022,1
18023,1
18024,0
18025,1
18026,1
18027,1
18028,1
18029,1
18030,0
18031,0
18032,0
18033,1
18034,0
18035,0
18036,0
18037,1
18038,0
18039,0
18040,1
18041,1
18042,1
18043,1
18044,1
18045,0
18046,1
18047,0
18048,0
18049,0
18050,0
18051,0
18052,1
18053,1
18054,1
18055,0
18056,1
18057,1
18058,0
18059,1
18060,1
18061,1
18062,1
18063,1
18064,0
18065,0
18066,1
18067,0
18068,0
18069,0
18070,0
18071,0
18072,0
18073,0
18074,0
18075,0
18076,0
18077,1
18078,1
18079,0
18080,1
18081,0
18082,0
18083,0
18084,0
18085,0
18086,0
18087,0
18088,0
18089,1
18090,1
18091,0
18092,0
18093,1
18094,0
18095,1
18096,1
18097,0
18098,0
18099,0
18100,0
18101,1
18102,1
18103,1
18104,0
18105,1
18106,0
18107,0
18108,1
18109,0
18110,0
18111,1
18112,0
18113,1
18114,0
18115,0
18116,1
18117,1
18118,1
18119,0
18120,1
18121,1
18122,1
18123,1
18124,0
18125,0
18126,1
18127,0
18128,0
18129,1
18130,0
18131,0
18132,0
18133,0
18134,0
18135,1
18136,1
18137,1
18138,1
18139,1
18140,1
18141,0
18142,0
18143,0
18144,0
18145,0
18146,0
18147,0
18148,0
18149,1
18150,1
18151,1
18152,1
18153,0
18154,0
18155,0
18156,0
18157,1
18158,0
18159,0
18160,1
18161,1
18162,0
18163,1
18164,1
18165,1
18166,1
18167,1
18168,1
18169,1
18170,1
18171,0
18172,0
18173,0
18174,1
18175,0
18176,0
18177,0
18178,1
18179,0
18180,1
18181,0
18182,1
18183,1
18184,1
18185,0
18186,1
18187,0
18188,0
18189,0
18190,0
18191,0
18192,0
18193,0
18194,1
18195,1
18196,0
18197,0
18198,1
18199,1
18200,1
18201,1
18202,0
18203,0
18204,0
18205,0
18206,1
18207,0
18208,0
18209,0
18210,1
18211,0
18212,0
18213,1
18214,1
18215,0
18216,0
18217,0
18218,0
18219,0
18220,1
18221,0
18222,0
18223,0
18224,1
18225,0
18226,0
18227,0
18228,0
18229,0
18230,1
18231,0
18232,1
18233,1
18234,1
18235,0
18236,1
18237,1
18238,0
18239,0
18240,1
18241,1
18242,0
18243,0
18244,0
18245,0
18246,0
18247,0
18248,1
18249,0
18250,0
18251,0
18252,1
18253,1
18254,1
18255,1
18256,1
18257,1
18258,1
18259,0
18260,0
18261,0
18262,0
18263,1
18264,0
18265,1
18266,0
18267,0
18268,0
18269,0
18270,0
18271,0
18272,0
18273,0
18274,0
18275,0
18276,1
18277,1
18278,0
18279,1
18280,1
18281,0
18282,0
18283,0
18284,0
18285,0
18286,1
18287,1
18288,0
18289,0
18290,0
18291,1
18292,1
18293,0
18294,0
18295,1
18296,0
18297,1
18298,1
18299,0
18300,1
18301,1
18302,1
18303,0
18304,0
18305,0
18306,0
18307,0
18308,0
18309,0
18310,0
18311,0
18312,0
18313,1
18314,0
18315,1
18316,1
18317,1
18318,0
18319,1
18320,0
18321,0
18322,1
18323,1
18324,0
18325,0
18326,0
18327,0
18328,0
18329,0
18330,0
18331,1
18332,0
18333,0
18334,1
18335,0
18336,1
18337,0
18338,1
18339,0
18340,1
18341,1
18342,1
18343,1
18344,0
18345,0
18346,0
18347,1
18348,1
18349,1
18350,1
18351,0
18352,0
18353,1
18354,1
18355,0
18356,0
18357,0
18358,1
18359,0
18360,1
18361,1
18362,0
18363,0
18364,0
18365,0
18366,1
18367,0
18368,1
18369,1
18370,1
18371,0
18372,1
18373,1
18374,1
18375,1
18376,0
18377,0
18378,1
18379,0
18380,0
18381,0
18382,1
18383,0
18384,0
18385,1
18386,1
18387,1
18388,0
18389,1
18390,0
18391,0
18392,0
18393,0
18394,0
18395,0
18396,0
18397,1
18398,0
18399,1
18400,0
18401,0
18402,1
18403,0
18404,1
18405,0
18406,1
18407,0
18408,1
18409,0
18410,1
18411,0
18412,1
18413,0
18414,0
18415,1
18416,0
18417,1
18418,0
18419,1
18420,1
18421,1
18422,1
18423,0
18424,0
18425,0
18426,1
18427,1
18428,0
18429,0
18430,0
18431,0
18432,1
18433,1
18434,0
18435,0
18436,0
18437,0
18438,0
18439,0
18440,1
18441,0
18442,0
18443,0
18444,0
18445,0
18446,1
18447,0
18448,1
18449,1
18450,0
18451,0
18452,0
18453,1
18454,1
18455,1
18456,0
18457,0
18458,0
18459,0
18460,1
18461,1
18462,1
18463,0
18464,0
18465,0
18466,1
18467,1
18468,0
18469,1
18470,1
18471,0
18472,1
18473,1
18474,0
18475,1
18476,1
18477,0
18478,1
18479,0
18480,1
18481,0
18482,0
18483,1
18484,1
18485,1
18486,0
18487,0
18488,0
18489,1
18490,1
18491,0
18492,1
18493,1
18494,0
18495,0
18496,0
18497,1
18498,0
18499,0
18500,1
18501,0
18502,0
18503,1
18504,1
18505,1
18506,0
18507,1
18508,0
18509,1
18510,1
18511,1
18512,1
18513,1
18514,0
18515,0
18516,1
18517,0
18518,0
18519,0
18520,1
18521,0
18522,0
18523,0
18524,0
18525,0
18526,1
18527,1
18528,1
18529,0
18530,1
18531,0
18532,0
18533,1
18534,0
18535,1
18536,0
18537,1
18538,0
18539,1
18540,0
18541,1
18542,1
18543,1
18544,0
18545,1
18546,0
18547,0
18548,1
18549,0
18550,0
18551,0
18552,1
18553,1
18554,0
18555,0
18556,1
18557,1
18558,0
18559,1
18560,1
18561,0
18562,0
18563,0
18564,1
18565,0
18566,1
18567,1
18568,0
18569,1
18570,0
18571,1
18572,0
18573,0
18574,0
18575,1
18576,0
18577,1
18578,1
18579,1
18580,1
18581,1
18582,1
18583,0
18584,1
18585,1
18586,1
18587,0
18588,1
18589,1
18590,0
18591,1
18592,1
18593,1
18594,0
18595,0
18596,0
18597,0
18598,0
18599,1
18600,1
18601,1
18602,0
18603,1
18604,1
18605,1
18606,1
18607,0
18608,1
18609,0
18610,0
18611,1
18612,1
18613,0
18614,1
18615,0
18616,1
18617,0
18618,0
18619,1
18620,1
18621,0
18622,0
18623,0
18624,1
18625,1
18626,1
18627,1
18628,0
18629,1
18630,0
18631,1
18632,1
18633,0
18634,1
18635,0
18636,1
18637,0
18638,0
18639,0
18640,0
18641,1
18642,0
18643,0
18644,0
18645,0
18646,0
18647,0
18648,1
18649,0
18650,0
18651,1
18652,1
18653,1
18654,1
18655,1
18656,1
18657,1
18658,0
18659,1
18660,1
18661,1
18662,1
18663,1
18664,1
18665,1
18666,1
18667,1
18668,1
18669,0
18670,0
18671,1
18672,1
18673,1
18674,0
18675,1
18676,0
18677,1
18678,0
18679,1
18680,0
18681,0
18682,0
18683,1
18684,1
18685,0
18686,0
18687,1
18688,1
18689,1
18690,0
18691,1
18692,0
18693,1
18694,0
18695,1
18696,0
18697,0
18698,0
18699,0
18700,1
18701,0
18702,1
18703,0
18704,1
18705,1
18706,1
18707,0
18708,0
18709,1
18710,0
18711,0
18712,1
18713,1
18714,1
18715,0
18716,0
18717,0
18718,1
18719,1
18720,1
18721,0
18722,1
18723,0
18724,0
18725,1
18726,0
18727,0
18728,0
18729,0
18730,0
18731,1
18732,1
18733,1
18734,0
18735,0
18736,0
18737,0
18738,0
18739,1
18740,1
18741,0
18742,0
18743,0
18744,1
18745,1
18746,1
18747,1
18748,0
18749,1
18750,1
18751,1
18752,1
18753,0
18754,1
18755,0
18756,1
18757,0
18758,1
18759,0
18760,1
18761,0
18762,1
18763,1
18764,0
18765,0
18766,1
18767,1
18768,0
18769,1
18770,1
18771,0
18772,1
18773,0
18774,0
18775,0
18776,1
18777,1
18778,1
18779,1
18780,0
18781,1
18782,1
18783,0
18784,1
18785,1
18786,0
18787,0
18788,1
18789,1
18790,0
18791,0
18792,1
18793,1
18794,1
18795,0
18796,0
18797,0
18798,0
18799,0
18800,0
18801,0
18802,0
18803,0
18804,1
18805,1
18806,0
18807,1
18808,1
18809,1
18810,1
18811,1
18812,0
18813,0
18814,0
18815,0
18816,1
18817,0
18818,1
18819,0
18820,0
18821,0
18822,0
18823,0
18824,0
18825,0
18826,1
18827,1
18828,1
18829,0
18830,0
18831,0
18832,1
18833,0
18834,1
18835,1
18836,1
18837,1
18838,1
18839,0
18840,0
18841,1
18842,1
18843,1
18844,0
18845,1
18846,1
18847,1
18848,0
18849,0
18850,0
18851,0
18852,1
18853,1
18854,1
18855,0
18856,0
18857,1
18858,0
18859,0
18860,0
18861,1
18862,0
18863,0
18864,0
18865,0
18866,0
18867,1
18868,1
18869,1
18870,1
18871,0
18872,1
18873,1
18874,0
18875,1
18876,1
18877,0
18878,0
18879,1
18880,0
18881,0
18882,1
18883,1
18884,0
18885,1
18886,0
18887,1
18888,0
18889,1
18890,1
18891,0
18892,1
18893,0
18894,1
18895,1
18896,1
18897,0
18898,0
18899,1
18900,1
18901,1
18902,0
18903,1
18904,1
18905,0
18906,0
18907,1
18908,1
18909,1
18910,1
18911,1
18912,0
18913,1
18914,1
18915,0
18916,1
18917,1
18918,1
18919,0
18920,1
18921,1
18922,0
18923,1
18924,1
18925,0
18926,0
18927,1
18928,1
18929,0
18930,1
18931,0
18932,0
18933,0
18934,1
18935,1
18936,0
18937,0
18938,1
18939,1
18940,1
18941,0
18942,0
18943,1
18944,0
18945,1
18946,1
18947,1
18948,0
18949,1
18950,1
18951,1
18952,1
18953,0
18954,1
18955,1
18956,1
18957,0
18958,0
18959,0
18960,1
18961,0
18962,1
18963,0
18964,1
18965,0
18966,0
18967,1
18968,1
18969,0
18970,1
18971,1
18972,1
18973,1
18974,0
18975,0
18976,1
18977,1
18978,0
18979,0
18980,0
18981,1
18982,1
18983,1
18984,1
18985,0
18986,1
18987,0
18988,0
18989,1
18990,0
18991,0
18992,1
18993,0
18994,1
18995,0
18996,0
18997,1
18998,0
18999,0
19000,1
19001,1
19002,0
19003,1
19004,1
19005,1
19006,1
19007,1
19008,0
19009,0
19010,0
19011,0
19012,0
19013,0
19014,1
19015,0
19016,1
19017,1
19018,1
19019,1
19020,0
19021,0
19022,0
19023,1
19024,0
19025,0
19026,1
19027,1
19028,0
19029,1
19030,1
19031,0
19032,0
19033,1
19034,0
19035,1
19036,0
19037,0
19038,0
19039,1
19040,1
19041,0
19042,0
19043,1
19044,0
19045,1
19046,0
19047,0
19048,1
19049,1
19050,1
19051,0
19052,1
19053,1
19054,0
19055,0
19056,0
19057,0
19058,1
19059,1
19060,1
19061,1
19062,1
19063,0
19064,1
19065,1
19066,1
19067,0
19068,1
19069,1
19070,1
19071,0
19072,0
19073,1
19074,0
19075,0
19076,0
19077,0
19078,1
19079,1
19080,0
19081,1
19082,1
19083,0
19084,1
19085,1
19086,1
19087,0
19088,0
19089,1
19090,0
19091,1
19092,0
19093,1
19094,1
19095,0
19096,1
19097,0
19098,0
19099,1
19100,1
19101,1
19102,1
19103,0
19104,0
19105,0
19106,0
19107,1
19108,1
19109,1
19110,0
19111,0
19112,0
19113,0
19114,0
19115,0
19116,0
19117,0
19118,0
19119,0
19120,1
19121,1
19122,0
19123,1
19124,1
19125,1
19126,0
19127,1
19128,0
19129,1
19130,0
19131,1
19132,1
19133,0
19134,0
19135,1
19136,0
19137,0
19138,0
19139,0
19140,0
19141,1
19142,0
19143,0
19144,1
19145,1
19146,0
19147,1
19148,0
19149,0
19150,0
19151,1
19152,0
19153,1
19154,0
19155,0
19156,0
19157,0
19158,0
19159,0
19160,0
19161,1
19162,0
19163,1
19164,0
19165,1
19166,0
19167,0
19168,0
19169,0
19170,0
19171,0
19172,0
19173,0
19174,0
19175,0
19176,1
19177,0
19178,0
19179,0
19180,1
19181,1
19182,0
19183,1
19184,0
19185,1
19186,0
19187,1
19188,0
19189,0
19190,1
19191,0
19192,1
19193,0
19194,1
19195,1
19196,1
19197,0
19198,0
19199,1
19200,0
19201,1
19202,1
19203,0
19204,0
19205,1
19206,0
19207,1
19208,1
19209,0
19210,1
19211,0
19212,0
19213,0
19214,0
19215,0
19216,0
19217,1
19218,0
19219,1
19220,1
19221,1
19222,1
19223,1
19224,1
19225,0
19226,1
19227,1
19228,1
19229,0
19230,1
19231,1
19232,1
19233,1
19234,0
19235,1
19236,1
19237,0
19238,0
19239,0
19240,1
19241,1
19242,1
19243,1
19244,1
19245,0
19246,0
19247,0
19248,0
19249,1
19250,0
19251,0
19252,1
19253,0
19254,0
19255,0
19256,1
19257,0
19258,0
19259,0
19260,1
19261,0
19262,0
19263,0
19264,0
19265,0
19266,1
19267,0
19268,1
19269,1
19270,0
19271,1
19272,1
19273,1
19274,1
19275,1
19276,1
19277,0
19278,0
19279,0
19280,1
19281,0
19282,0
19283,1
19284,1
19285,0
19286,0
19287,0
19288,1
19289,1
19290,0
19291,0
19292,1
19293,1
19294,0
19295,0
19296,0
19297,0
19298,1
19299,1
19300,0
19301,0
19302,1
19303,1
19304,1
19305,0
19306,1
19307,1
19308,1
19309,1
19310,1
19311,0
19312,1
19313,0
19314,1
19315,0
19316,0
19317,1
19318,0
19319,1
19320,1
19321,0
19322,1
19323,0
19324,1
19325,0
19326,0
19327,1
19328,1
19329,1
19330,0
19331,1
19332,1
19333,0
19334,1
19335,0
19336,1
19337,0
19338,1
19339,0
19340,1
19341,1
19342,0
19343,1
19344,0
19345,0
19346,0
19347,0
19348,0
19349,0
19350,0
19351,1
19352,1
19353,1
19354,1
19355,1
19356,1
19357,1
19358,0
19359,0
19360,1
19361,0
19362,0
19363,1
19364,1
19365,0
19366,0
19367,1
19368,1
19369,0
19370,1
19371,1
19372,1
19373,1
19374,1
19375,0
19376,0
19377,1
19378,1
19379,1
19380,0
19381,1
19382,1
19383,0
19384,0
19385,0
19386,0
19387,1
19388,0
19389,0
19390,0
19391,1
19392,0
19393,0
19394,1
19395,0
19396,1
19397,1
19398,1
19399,0
19400,1
19401,1
19402,1
19403,1
19404,1
19405,0
19406,1
19407,1
19408,1
19409,1
19410,1
19411,1
19412,1
19413,0
19414,1
19415,0
19416,1
19417,0
19418,0
19419,1
19420,0
19421,0
19422,0
19423,0
19424,1
19425,0
19426,1
19427,0
19428,1
19429,0
19430,0
19431,0
19432,0
19433,1
19434,1
19435,1
19436,0
19437,0
19438,0
19439,1
19440,0
19441,0
19442,0
19443,1
19444,0
19445,0
19446,1
19447,0
19448,0
19449,1
19450,1
19451,1
19452,0
19453,0
19454,1
19455,1
19456,1
19457,1
19458,1
19459,1
19460,1
19461,1
19462,0
19463,1
19464,0
19465,0
19466,0
19467,1
19468,1
19469,0
19470,0
19471,1
19472,1
19473,1
19474,1
19475,1
19476,1
19477,1
19478,1
19479,1
19480,1
19481,0
19482,0
19483,1
19484,0
19485,1
19486,0
19487,1
19488,0
19489,1
19490,1
19491,0
19492,1
19493,1
19494,1
19495,0
19496,1
19497,1
19498,0
19499,0
19500,0
19501,1
19502,1
19503,1
19504,0
19505,0
19506,0
19507,0
19508,1
19509,1
19510,1
19511,0
19512,1
19513,1
19514,0
19515,0
19516,1
19517,1
19518,0
19519,1
19520,1
19521,0
19522,0
19523,1
19524,0
19525,0
19526,0
19527,0
19528,0
19529,1
19530,1
19531,0
19532,0
19533,0
19534,0
19535,1
19536,0
19537,0
19538,0
19539,0
19540,0
19541,1
19542,0
19543,0
19544,0
19545,0
19546,0
19547,1
19548,1
19549,0
19550,1
19551,1
19552,0
19553,0
19554,0
19555,1
19556,1
19557,1
19558,1
19559,1
19560,0
19561,0
19562,1
19563,0
19564,1
19565,0
