,0
0,0
1,1
2,0
3,0
4,0
5,0
6,0
7,1
8,0
9,1
10,1
11,1
12,1
13,1
14,0
15,1
16,1
17,0
18,1
19,0
20,1
21,0
22,1
23,0
24,1
25,1
26,1
27,1
28,1
29,0
30,1
31,1
32,1
33,0
34,1
35,1
36,1
37,0
38,0
39,0
40,0
41,0
42,0
43,1
44,1
45,1
46,1
47,1
48,1
49,0
50,1
51,1
52,1
53,1
54,0
55,0
56,1
57,1
58,1
59,0
60,1
61,1
62,1
63,1
64,0
65,1
66,0
67,0
68,0
69,0
70,1
71,1
72,0
73,1
74,1
75,1
76,0
77,0
78,0
79,0
80,1
81,0
82,1
83,0
84,1
85,0
86,1
87,1
88,0
89,0
90,0
91,1
92,0
93,0
94,0
95,0
96,0
97,0
98,1
99,1
100,1
101,1
102,0
103,0
104,1
105,0
106,1
107,0
108,1
109,0
110,1
111,1
112,0
113,0
114,1
115,0
116,1
117,0
118,1
119,0
120,1
121,1
122,0
123,1
124,1
125,1
126,1
127,1
128,1
129,1
130,1
131,0
132,0
133,1
134,1
135,0
136,0
137,1
138,0
139,1
140,0
141,1
142,1
143,1
144,0
145,0
146,0
147,0
148,0
149,0
150,0
151,1
152,1
153,0
154,0
155,0
156,0
157,1
158,1
159,1
160,0
161,1
162,1
163,0
164,1
165,1
166,1
167,1
168,1
169,0
170,1
171,0
172,0
173,0
174,1
175,0
176,1
177,0
178,1
179,1
180,1
181,0
182,1
183,1
184,0
185,0
186,1
187,0
188,1
189,1
190,0
191,0
192,1
193,1
194,0
195,0
196,1
197,1
198,0
199,1
200,1
201,1
202,0
203,1
204,1
205,0
206,1
207,0
208,0
209,1
210,0
211,1
212,0
213,1
214,1
215,1
216,0
217,1
218,1
219,0
220,0
221,1
222,1
223,0
224,1
225,1
226,1
227,0
228,1
229,1
230,1
231,0
232,0
233,1
234,0
235,1
236,1
237,0
238,0
239,1
240,0
241,1
242,1
243,1
244,0
245,1
246,1
247,1
248,1
249,1
250,0
251,0
252,1
253,0
254,0
255,0
256,0
257,0
258,1
259,1
260,1
261,1
262,1
263,0
264,1
265,0
266,1
267,0
268,1
269,1
270,1
271,0
272,0
273,1
274,1
275,1
276,0
277,0
278,1
279,1
280,1
281,0
282,1
283,1
284,1
285,0
286,0
287,1
288,0
289,1
290,1
291,1
292,1
293,0
294,0
295,0
296,0
297,0
298,0
299,1
300,1
301,1
302,0
303,1
304,0
305,0
306,0
307,1
308,0
309,1
310,1
311,1
312,1
313,1
314,1
315,1
316,0
317,1
318,0
319,0
320,0
321,0
322,1
323,1
324,1
325,1
326,1
327,1
328,1
329,0
330,1
331,0
332,1
333,0
334,0
335,1
336,1
337,0
338,1
339,0
340,1
341,0
342,0
343,0
344,0
345,1
346,1
347,1
348,0
349,1
350,1
351,0
352,0
353,0
354,0
355,0
356,1
357,1
358,1
359,1
360,1
361,1
362,0
363,1
364,1
365,0
366,0
367,1
368,0
369,1
370,0
371,0
372,1
373,1
374,0
375,0
376,1
377,1
378,1
379,0
380,1
381,1
382,0
383,0
384,0
385,0
386,0
387,0
388,1
389,1
390,0
391,0
392,1
393,0
394,1
395,0
396,0
397,1
398,0
399,1
400,1
401,0
402,1
403,0
404,1
405,1
406,0
407,1
408,0
409,1
410,1
411,1
412,1
413,0
414,1
415,0
416,0
417,1
418,1
419,0
420,0
421,0
422,1
423,0
424,1
425,0
426,1
427,1
428,0
429,1
430,0
431,1
432,0
433,0
434,0
435,0
436,1
437,1
438,0
439,0
440,0
441,0
442,1
443,0
444,1
445,1
446,1
447,0
448,1
449,0
450,0
451,1
452,1
453,0
454,0
455,1
456,0
457,1
458,1
459,0
460,0
461,0
462,0
463,0
464,0
465,0
466,0
467,0
468,1
469,0
470,1
471,0
472,0
473,1
474,1
475,1
476,0
477,1
478,1
479,0
480,1
481,0
482,0
483,1
484,1
485,0
486,0
487,0
488,1
489,1
490,1
491,0
492,0
493,0
494,0
495,0
496,1
497,1
498,1
499,1
500,0
501,0
502,1
503,0
504,1
505,0
506,0
507,1
508,0
509,1
510,0
511,0
512,0
513,0
514,1
515,1
516,1
517,1
518,1
519,1
520,0
521,1
522,1
523,0
524,1
525,0
526,0
527,0
528,0
529,1
530,0
531,0
532,1
533,1
534,1
535,0
536,0
537,1
538,1
539,0
540,0
541,0
542,0
543,0
544,0
545,1
546,1
547,1
548,0
549,1
550,1
551,0
552,1
553,1
554,0
555,1
556,0
557,0
558,1
559,0
560,0
561,1
562,0
563,0
564,1
565,1
566,1
567,1
568,1
569,1
570,0
571,1
572,1
573,1
574,1
575,1
576,0
577,1
578,0
579,1
580,1
581,1
582,1
583,0
584,1
585,1
586,1
587,0
588,1
589,0
590,0
591,1
592,0
593,0
594,1
595,0
596,1
597,0
598,0
599,1
600,1
601,0
602,0
603,1
604,1
605,1
606,1
607,1
608,1
609,0
610,0
611,0
612,0
613,0
614,1
615,0
616,1
617,1
618,0
619,1
620,1
621,0
622,0
623,0
624,0
625,1
626,0
627,0
628,1
629,1
630,0
631,1
632,0
633,1
634,1
635,1
636,0
637,1
638,1
639,1
640,1
641,0
642,1
643,1
644,0
645,1
646,0
647,1
648,1
649,0
650,0
651,0
652,1
653,1
654,1
655,1
656,0
657,1
658,0
659,0
660,1
661,0
662,0
663,1
664,1
665,0
666,0
667,1
668,1
669,0
670,0
671,1
672,0
673,0
674,1
675,0
676,0
677,0
678,0
679,0
680,1
681,0
682,0
683,1
684,0
685,1
686,0
687,1
688,1
689,0
690,0
691,1
692,0
693,0
694,0
695,1
696,0
697,0
698,0
699,0
700,0
701,1
702,1
703,0
704,0
705,0
706,1
707,1
708,0
709,1
710,0
711,0
712,0
713,1
714,0
715,0
716,1
717,1
718,0
719,0
720,1
721,1
722,0
723,0
724,1
725,1
726,0
727,0
728,1
729,0
730,0
731,0
732,0
733,1
734,1
735,1
736,1
737,0
738,1
739,0
740,1
741,1
742,0
743,0
744,1
745,0
746,1
747,0
748,0
749,1
750,1
751,1
752,1
753,1
754,1
755,0
756,1
757,0
758,1
759,1
760,0
761,0
762,1
763,1
764,0
765,0
766,1
767,1
768,0
769,0
770,1
771,0
772,0
773,0
774,1
775,0
776,0
777,1
778,0
779,1
780,1
781,1
782,0
783,0
784,0
785,0
786,1
787,1
788,1
789,1
790,1
791,1
792,1
793,1
794,0
795,1
796,1
797,1
798,0
799,1
800,1
801,1
802,0
803,1
804,0
805,1
806,1
807,1
808,1
809,0
810,0
811,0
812,1
813,1
814,1
815,1
816,0
817,0
818,1
819,1
820,1
821,0
822,0
823,0
824,1
825,1
826,1
827,1
828,0
829,1
830,0
831,0
832,0
833,1
834,1
835,1
836,0
837,0
838,1
839,0
840,0
841,1
842,0
843,1
844,1
845,1
846,1
847,0
848,1
849,0
850,0
851,1
852,0
853,1
854,0
855,0
856,0
857,0
858,0
859,0
860,1
861,1
862,0
863,1
864,0
865,0
866,1
867,0
868,0
869,1
870,0
871,1
872,1
873,1
874,0
875,0
876,1
877,1
878,1
879,1
880,1
881,1
882,0
883,0
884,0
885,0
886,1
887,1
888,0
889,1
890,1
891,1
892,0
893,1
894,1
895,1
896,1
897,0
898,0
899,1
900,1
901,0
902,1
903,0
904,0
905,1
906,0
907,0
908,0
909,1
910,1
911,0
912,1
913,0
914,1
915,1
916,1
917,1
918,0
919,0
920,1
921,1
922,1
923,1
924,0
925,1
926,1
927,0
928,1
929,1
930,0
931,1
932,0
933,1
934,0
935,0
936,1
937,1
938,0
939,1
940,1
941,0
942,1
943,0
944,1
945,1
946,0
947,0
948,1
949,0
950,0
951,0
952,0
953,1
954,1
955,1
956,1
957,0
958,0
959,1
960,0
961,1
962,1
963,1
964,0
965,0
966,1
967,1
968,1
969,1
970,0
971,1
972,0
973,0
974,1
975,0
976,1
977,0
978,1
979,1
980,1
981,0
982,0
983,1
984,0
985,1
986,0
987,0
988,1
989,0
990,1
991,1
992,0
993,1
994,0
995,1
996,1
997,1
998,1
999,1
